small 91

[] --> accuracy 0.8396793587174348
[6] --> accuracy 0.8617234468937875
[6, 2] --> accuracy 0.9739478957915831
[6, 2, 5] --> accuracy 0.9579158316633266
[6, 2, 5, 8] --> accuracy 0.9238476953907816
[6, 2, 5, 8, 4] --> accuracy 0.8857715430861723
[6, 2, 5, 8, 4, 9] --> accuracy 0.8537074148296593
[6, 2, 5, 8, 4, 9, 7] --> accuracy 0.8597194388777555
[6, 2, 5, 8, 4, 9, 7, 3] --> accuracy 0.8296593186372746
[6, 2, 5, 8, 4, 9, 7, 3, 10] --> accuracy 0.811623246492986
[6, 2, 5, 8, 4, 9, 7, 3, 10, 1] --> accuracy 0.7895791583166333
runtime: 11.636827945709229 seconds

large 57:

[] --> accuracy 0.8439219609804902
[34] --> accuracy 0.8419209604802401
[34, 29] --> accuracy 0.9724862431215607
[34, 29, 20] --> accuracy 0.9569784892446224
[34, 29, 20, 2] --> accuracy 0.9349674837418709
[34, 29, 20, 2, 6] --> accuracy 0.9044522261130565
[34, 29, 20, 2, 6, 5] --> accuracy 0.8819409704852427
[34, 29, 20, 2, 6, 5, 16] --> accuracy 0.8574287143571786
[34, 29, 20, 2, 6, 5, 16, 44] --> accuracy 0.8444222111055528
[34, 29, 20, 2, 6, 5, 16, 44, 28] --> accuracy 0.8379189594797398
[34, 29, 20, 2, 6, 5, 16, 44, 28, 32] --> accuracy 0.8209104552276139
[34, 29, 20, 2, 6, 5, 16, 44, 28, 32, 39] --> accuracy 0.8184092046023012
[34, 29, 20, 2, 6, 5, 16, 44, 28, 32, 39, 45] --> accuracy 0.8109054527263632
[34, 29, 20, 2, 6, 5, 16, 44, 28, 32, 39, 45, 43] --> accuracy 0.8084042021010506
[34, 29, 20, 2, 6, 5, 16, 44, 28, 32, 39, 45, 43, 46] --> accuracy 0.7988994497248624
[34, 29, 20, 2, 6, 5, 16, 44, 28, 32, 39, 45, 43, 46, 17] --> accuracy 0.7938969484742371
[34, 29, 20, 2, 6, 5, 16, 44, 28, 32, 39, 45, 43, 46, 17, 30] --> accuracy 0.7963981990995498
[34, 29, 20, 2, 6, 5, 16, 44, 28, 32, 39, 45, 43, 46, 17, 30, 9] --> accuracy 0.7818909454727364
[34, 29, 20, 2, 6, 5, 16, 44, 28, 32, 39, 45, 43, 46, 17, 30, 9, 14] --> accuracy 0.7753876938469234
[34, 29, 20, 2, 6, 5, 16, 44, 28, 32, 39, 45, 43, 46, 17, 30, 9, 14, 35] --> accuracy 0.7763881940970485
[34, 29, 20, 2, 6, 5, 16, 44, 28, 32, 39, 45, 43, 46, 17, 30, 9, 14, 35, 42] --> accuracy 0.776888444222111
[34, 29, 20, 2, 6, 5, 16, 44, 28, 32, 39, 45, 43, 46, 17, 30, 9, 14, 35, 42, 23] --> accuracy 0.7678839419709855
[34, 29, 20, 2, 6, 5, 16, 44, 28, 32, 39, 45, 43, 46, 17, 30, 9, 14, 35, 42, 23, 11] --> accuracy 0.7678839419709855
[34, 29, 20, 2, 6, 5, 16, 44, 28, 32, 39, 45, 43, 46, 17, 30, 9, 14, 35, 42, 23, 11, 27] --> accuracy 0.7693846923461731
[34, 29, 20, 2, 6, 5, 16, 44, 28, 32, 39, 45, 43, 46, 17, 30, 9, 14, 35, 42, 23, 11, 27, 25] --> accuracy 0.7723861930965483
[34, 29, 20, 2, 6, 5, 16, 44, 28, 32, 39, 45, 43, 46, 17, 30, 9, 14, 35, 42, 23, 11, 27, 25, 3] --> accuracy 0.7688844422211105
[34, 29, 20, 2, 6, 5, 16, 44, 28, 32, 39, 45, 43, 46, 17, 30, 9, 14, 35, 42, 23, 11, 27, 25, 3, 4] --> accuracy 0.7688844422211105
[34, 29, 20, 2, 6, 5, 16, 44, 28, 32, 39, 45, 43, 46, 17, 30, 9, 14, 35, 42, 23, 11, 27, 25, 3, 4, 47] --> accuracy 0.7688844422211105
[34, 29, 20, 2, 6, 5, 16, 44, 28, 32, 39, 45, 43, 46, 17, 30, 9, 14, 35, 42, 23, 11, 27, 25, 3, 4, 47, 31] --> accuracy 0.7718859429714857
[34, 29, 20, 2, 6, 5, 16, 44, 28, 32, 39, 45, 43, 46, 17, 30, 9, 14, 35, 42, 23, 11, 27, 25, 3, 4, 47, 31, 1] --> accuracy 0.7698849424712356
[34, 29, 20, 2, 6, 5, 16, 44, 28, 32, 39, 45, 43, 46, 17, 30, 9, 14, 35, 42, 23, 11, 27, 25, 3, 4, 47, 31, 1, 48] --> accuracy 0.7693846923461731
[34, 29, 20, 2, 6, 5, 16, 44, 28, 32, 39, 45, 43, 46, 17, 30, 9, 14, 35, 42, 23, 11, 27, 25, 3, 4, 47, 31, 1, 48, 22] --> accuracy 0.7653826913456728
[34, 29, 20, 2, 6, 5, 16, 44, 28, 32, 39, 45, 43, 46, 17, 30, 9, 14, 35, 42, 23, 11, 27, 25, 3, 4, 47, 31, 1, 48, 22, 49] --> accuracy 0.76088044022011
[34, 29, 20, 2, 6, 5, 16, 44, 28, 32, 39, 45, 43, 46, 17, 30, 9, 14, 35, 42, 23, 11, 27, 25, 3, 4, 47, 31, 1, 48, 22, 49, 19] --> accuracy 0.759879939969985
[34, 29, 20, 2, 6, 5, 16, 44, 28, 32, 39, 45, 43, 46, 17, 30, 9, 14, 35, 42, 23, 11, 27, 25, 3, 4, 47, 31, 1, 48, 22, 49, 19, 26] --> accuracy 0.7633816908454227
[34, 29, 20, 2, 6, 5, 16, 44, 28, 32, 39, 45, 43, 46, 17, 30, 9, 14, 35, 42, 23, 11, 27, 25, 3, 4, 47, 31, 1, 48, 22, 49, 19, 26, 50] --> accuracy 0.7623811905952976
[34, 29, 20, 2, 6, 5, 16, 44, 28, 32, 39, 45, 43, 46, 17, 30, 9, 14, 35, 42, 23, 11, 27, 25, 3, 4, 47, 31, 1, 48, 22, 49, 19, 26, 50, 10] --> accuracy 0.7593796898449224
[34, 29, 20, 2, 6, 5, 16, 44, 28, 32, 39, 45, 43, 46, 17, 30, 9, 14, 35, 42, 23, 11, 27, 25, 3, 4, 47, 31, 1, 48, 22, 49, 19, 26, 50, 10, 13] --> accuracy 0.7613806903451726
[34, 29, 20, 2, 6, 5, 16, 44, 28, 32, 39, 45, 43, 46, 17, 30, 9, 14, 35, 42, 23, 11, 27, 25, 3, 4, 47, 31, 1, 48, 22, 49, 19, 26, 50, 10, 13, 8] --> accuracy 0.7588794397198599
[34, 29, 20, 2, 6, 5, 16, 44, 28, 32, 39, 45, 43, 46, 17, 30, 9, 14, 35, 42, 23, 11, 27, 25, 3, 4, 47, 31, 1, 48, 22, 49, 19, 26, 50, 10, 13, 8, 7] --> accuracy 0.7573786893446723
[34, 29, 20, 2, 6, 5, 16, 44, 28, 32, 39, 45, 43, 46, 17, 30, 9, 14, 35, 42, 23, 11, 27, 25, 3, 4, 47, 31, 1, 48, 22, 49, 19, 26, 50, 10, 13, 8, 7, 40] --> accuracy 0.7563781890945472
[34, 29, 20, 2, 6, 5, 16, 44, 28, 32, 39, 45, 43, 46, 17, 30, 9, 14, 35, 42, 23, 11, 27, 25, 3, 4, 47, 31, 1, 48, 22, 49, 19, 26, 50, 10, 13, 8, 7, 40, 24] --> accuracy 0.7568784392196098
[34, 29, 20, 2, 6, 5, 16, 44, 28, 32, 39, 45, 43, 46, 17, 30, 9, 14, 35, 42, 23, 11, 27, 25, 3, 4, 47, 31, 1, 48, 22, 49, 19, 26, 50, 10, 13, 8, 7, 40, 24, 38] --> accuracy 0.7498749374687343
[34, 29, 20, 2, 6, 5, 16, 44, 28, 32, 39, 45, 43, 46, 17, 30, 9, 14, 35, 42, 23, 11, 27, 25, 3, 4, 47, 31, 1, 48, 22, 49, 19, 26, 50, 10, 13, 8, 7, 40, 24, 38, 18] --> accuracy 0.7463731865932967
[34, 29, 20, 2, 6, 5, 16, 44, 28, 32, 39, 45, 43, 46, 17, 30, 9, 14, 35, 42, 23, 11, 27, 25, 3, 4, 47, 31, 1, 48, 22, 49, 19, 26, 50, 10, 13, 8, 7, 40, 24, 38, 18, 15] --> accuracy 0.743871935967984
[34, 29, 20, 2, 6, 5, 16, 44, 28, 32, 39, 45, 43, 46, 17, 30, 9, 14, 35, 42, 23, 11, 27, 25, 3, 4, 47, 31, 1, 48, 22, 49, 19, 26, 50, 10, 13, 8, 7, 40, 24, 38, 18, 15, 37] --> accuracy 0.7413706853426714
[34, 29, 20, 2, 6, 5, 16, 44, 28, 32, 39, 45, 43, 46, 17, 30, 9, 14, 35, 42, 23, 11, 27, 25, 3, 4, 47, 31, 1, 48, 22, 49, 19, 26, 50, 10, 13, 8, 7, 40, 24, 38, 18, 15, 37, 21] --> accuracy 0.7333666833416709
[34, 29, 20, 2, 6, 5, 16, 44, 28, 32, 39, 45, 43, 46, 17, 30, 9, 14, 35, 42, 23, 11, 27, 25, 3, 4, 47, 31, 1, 48, 22, 49, 19, 26, 50, 10, 13, 8, 7, 40, 24, 38, 18, 15, 37, 21, 12] --> accuracy 0.7253626813406704
[34, 29, 20, 2, 6, 5, 16, 44, 28, 32, 39, 45, 43, 46, 17, 30, 9, 14, 35, 42, 23, 11, 27, 25, 3, 4, 47, 31, 1, 48, 22, 49, 19, 26, 50, 10, 13, 8, 7, 40, 24, 38, 18, 15, 37, 21, 12, 33] --> accuracy 0.7223611805902952
[34, 29, 20, 2, 6, 5, 16, 44, 28, 32, 39, 45, 43, 46, 17, 30, 9, 14, 35, 42, 23, 11, 27, 25, 3, 4, 47, 31, 1, 48, 22, 49, 19, 26, 50, 10, 13, 8, 7, 40, 24, 38, 18, 15, 37, 21, 12, 33, 36] --> accuracy 0.7173586793396698
[34, 29, 20, 2, 6, 5, 16, 44, 28, 32, 39, 45, 43, 46, 17, 30, 9, 14, 35, 42, 23, 11, 27, 25, 3, 4, 47, 31, 1, 48, 22, 49, 19, 26, 50, 10, 13, 8, 7, 40, 24, 38, 18, 15, 37, 21, 12, 33, 36, 41] --> accuracy 0.7148574287143572
runtime: 11944.076261520386 seconds