   2.0000000e+00   9.6682241e-02   1.2552648e+00   4.4958260e-01   1.2818305e+00  -2.1164252e-01  -5.5864629e-01  -4.3943613e-02  -8.1600345e-01  -9.4201672e-01  -4.5022398e-01
   2.0000000e+00  -1.2280836e+00  -1.3074074e+00   1.4708914e+00   6.5438011e-01  -5.9170912e-01  -5.9129253e-01  -1.7666314e-01  -3.0824054e-01  -1.0475320e-01  -1.2298846e+00
   2.0000000e+00   1.7307486e+00   8.2592257e-01   1.4202463e+00   5.4404368e-01   7.0853712e-01  -5.6463452e-01  -1.1717979e+00  -7.2624544e-01  -6.7038978e-01  -6.5349737e-01
   2.0000000e+00  -4.9171476e-01   3.9722979e-02  -1.1681723e-01   3.3280905e-01   7.6636338e-01  -4.8964949e-01   2.3914629e+00   1.3768945e+00  -5.4200095e-03  -5.9142999e-01
   1.0000000e+00  -8.0247197e-01   1.3786185e+00   7.7070384e-01  -6.7879073e-02  -7.0423751e-01   2.6768585e-01   8.0847171e-01   4.6076522e-01   2.7865804e-01  -2.7283409e-01
   2.0000000e+00   6.9508060e-01   4.6001854e-01   3.3211924e-01   6.4297816e-01  -1.4754337e+00   1.3950862e+00   1.8463860e+00  -1.1701515e+00  -9.4492483e-02   4.2260844e-01
   2.0000000e+00   1.8156562e+00  -4.5595119e-01  -2.2260949e+00  -5.1445950e-01   1.9060634e+00  -1.0582705e+00  -3.2827181e-01  -5.0847258e-01   2.2630318e+00   1.1726841e+00
   2.0000000e+00  -1.1426751e+00  -4.1170579e-01  -1.4085446e+00  -2.1808930e-01   3.7956377e-01   5.5326486e-01  -1.7209961e-01  -1.7024452e+00  -5.0334906e-01  -7.9523835e-01
   2.0000000e+00  -1.3066733e+00  -2.7652554e-01   1.1216027e+00  -4.1845421e-01   5.9619536e-01   1.3511731e-01  -4.6181667e-01   1.6785782e+00  -7.2193139e-01   2.6781503e+00
   2.0000000e+00   1.1585033e+00  -1.7578275e-01  -7.2978350e-02   8.7900277e-01   2.9539623e-01   1.8784214e-01  -1.1506740e+00  -1.4372654e-01   6.6220219e-01  -8.6614526e-01
   2.0000000e+00  -1.3708267e+00   5.9523284e-01  -6.2838873e-01  -1.0789051e+00   5.7678953e-02   1.1788273e+00  -6.4431307e-01   8.6879101e-01  -7.3331231e-01   1.1014618e+00
   2.0000000e+00   9.6649199e-01   5.2238127e-01  -3.6023675e-01  -2.6527036e-01  -5.5511270e-01   2.3018965e-01   8.4730060e-01  -6.9290921e-01   1.0634878e+00   2.1987000e-01
   2.0000000e+00   1.5191031e+00   5.2855002e-01   8.4114870e-01   1.3071000e+00  -8.8137658e-01   9.9568079e-01  -2.1974993e-01  -1.5737147e+00  -1.7341412e-03  -1.0431588e+00
   2.0000000e+00   1.1691037e+00  -3.0760938e-01  -1.4929364e+00  -4.3972565e-01  -1.3266691e+00   1.5328423e+00   1.7178495e-01   6.4976060e-01   1.6097794e+00  -5.4241178e-01
   1.0000000e+00  -4.8508785e-01  -5.1715493e-01  -2.5126043e-01  -5.4127846e-01  -6.3757635e-01  -1.2171625e+00  -8.7455528e-01   8.7975985e-01   5.8065356e-01  -5.0464348e-01
   2.0000000e+00  -9.7735920e-02  -5.2793633e-02   1.7652596e+00  -2.1361233e-01   8.7025101e-01   5.5948235e-01  -6.0786555e-01   1.0331958e+00  -7.7726238e-01   1.0735574e+00
   1.0000000e+00  -1.2176655e+00  -6.8587468e-01  -3.4348388e-01  -2.1115597e+00  -2.8209376e-02  -7.9989895e-01   1.3025865e-01  -1.1550887e+00   1.7157728e-01   5.9139917e-01
   1.0000000e+00  -1.3446268e+00   1.6629462e-01   6.9383648e-01  -3.3932467e-02   1.9936091e+00  -1.7524555e-02  -1.8706159e+00   3.7657785e-01   3.2319488e-01   2.2397360e-02
   2.0000000e+00   7.9888467e-01  -3.3003162e-01   4.1218777e-02   3.6100677e-02  -5.2994380e-01   1.3878983e-01  -7.3347951e-01  -1.4459616e+00   1.0018837e+00  -8.6094258e-01
   2.0000000e+00  -1.4367929e+00  -1.0929301e-01   1.1797888e+00  -3.0839189e-01   1.2764360e-01   3.4927379e-01   2.1725169e-01  -3.4146315e-01  -1.8347309e+00  -9.7419320e-01
   2.0000000e+00  -3.7630264e-01  -1.0061924e+00   1.1062112e+00   5.4409529e-02  -1.9526039e-01  -2.0120656e+00  -6.7888502e-01   1.4812886e-01   6.4725364e-01  -8.9625635e-01
   2.0000000e+00   3.2685975e-01   1.9246081e+00  -5.1800022e-01  -1.0362699e-01   2.4790853e-01  -2.0175927e+00  -1.5001428e+00  -1.9896713e+00  -4.2113257e-01   2.5749343e-02
   1.0000000e+00   1.1250725e+00  -8.3751478e-01   2.0104439e-01  -1.5875649e-01  -4.7987180e-01   1.9604063e+00  -1.0731929e+00   1.7064461e-01   4.7585464e-01  -3.1246630e-02
   2.0000000e+00  -2.5072284e-02  -6.8878152e-03  -6.7745391e-01   1.0606117e+00  -1.1850407e-01   1.6382666e-02   1.6253378e+00  -3.7375752e-01  -8.7682432e-01  -1.0606038e+00
   2.0000000e+00   1.2379348e+00   3.3573807e-01  -1.4182433e+00   1.1444343e+00   1.2380840e-02   5.7344186e-01   3.7698220e-01  -1.8214309e+00   9.1862072e-01  -8.0415837e-01
   2.0000000e+00   2.7960529e-01   5.5488632e-01  -1.3620107e-01   9.9719522e-01  -3.0873837e-02   4.2186744e-01   1.1438275e+00  -1.0711580e+00  -1.2438252e+00   2.3323859e-01
   1.0000000e+00  -7.9050507e-01   2.0109327e+00   5.5783570e-01   5.9384204e-01  -1.1239535e+00  -7.7916191e-02  -1.0028376e+00  -2.8377069e-01   8.2013295e-01  -2.2707127e-01
   2.0000000e+00   4.6329782e-01  -5.4703309e-01  -3.7470162e-02   8.6245098e-01  -1.1823026e+00   7.3270487e-01   2.3356639e+00  -3.0361390e-01  -6.4367749e-02  -5.7784654e-01
   2.0000000e+00  -2.0821564e-01   2.0220876e+00  -3.7288904e-01   2.7524798e-01  -5.1881287e-01   1.0548274e-01  -8.2020960e-01  -3.8663473e-01  -1.4845167e+00   1.2561945e-01
   2.0000000e+00   4.8986405e-01  -3.3090888e-01   3.4997749e-01  -9.4907866e-01   2.7528679e-01  -3.6754820e-01  -1.0641916e+00   1.6196708e-01  -9.6347511e-01  -2.0240191e+00
   2.0000000e+00   7.1420940e-01   5.4002672e-01   9.7856041e-01  -7.0103122e-01   6.0285202e-02  -1.2016865e+00   1.2619899e+00  -3.6018810e-01   5.8040071e-01   1.9909627e+00
   2.0000000e+00  -6.2869152e-01   1.1626714e+00  -1.3318010e+00  -5.5785064e-01   3.7444789e-01  -1.7368258e+00   2.6534409e+00  -1.1631703e+00   2.0639796e-01   2.0372183e-01
   2.0000000e+00   5.0284642e-01  -6.6419122e-01  -1.1212570e+00  -9.1390904e-01  -6.0139251e-01   2.7947168e-01   4.2249970e-01  -1.3247934e+00   6.2978304e-02   1.5390861e+00
   2.0000000e+00  -1.5091989e-02   1.0116049e+00   1.6886340e-01  -1.0635128e+00   1.6649649e+00   9.0029210e-01  -2.6709454e+00  -1.1905545e+00  -4.9894268e-01  -6.9295020e-01
   2.0000000e+00  -1.0235858e-01   2.5159577e-01  -1.2830827e+00   8.9858932e-01   1.4224186e+00  -5.1532282e-01   3.0467763e-02  -1.0557453e+00   4.2200939e-01  -1.1914323e+00
   2.0000000e+00   3.8737170e-01  -1.5049305e+00   1.8941934e+00   7.9852511e-01   1.2412650e+00   1.3283556e+00   1.6069822e+00   4.8316471e-01  -3.1270009e-01  -1.3194200e-01
   2.0000000e+00   1.0902687e+00   4.3317758e-01   3.0690061e-01   4.0165840e-01   8.4777326e-01   5.0899270e-01   2.5716383e-01  -5.7107905e-01  -1.9568107e+00  -4.9298680e-01
   2.0000000e+00  -6.2660625e-01   9.8465282e-01   2.1083757e+00  -5.0708090e-02  -3.1971757e-01  -9.9317627e-01   8.2563865e-01  -1.8142433e+00  -5.4688745e-01   2.7173119e+00
   2.0000000e+00  -3.1119443e-01  -1.4889162e+00  -2.6939369e-02  -4.0469529e-01   4.2435186e-01  -1.2193824e+00   1.3667105e-01  -1.5503122e+00   9.5771352e-01  -6.3649935e-01
   2.0000000e+00  -7.1231946e-01  -2.0228336e+00  -1.0412678e+00  -1.3135914e+00   1.7065080e+00   1.8509073e+00  -1.3079502e+00  -5.0655496e-01  -1.0487970e+00   1.7712781e-01
   2.0000000e+00  -8.5286983e-01  -9.6198633e-01  -6.7909383e-01  -2.5940418e-01  -5.4538267e-01   3.6752988e-01  -3.3476631e-01  -3.2884644e-01   4.6808251e-01   3.4555586e+00
   2.0000000e+00   7.5918389e-01   5.6629151e-01  -4.5224911e-01  -8.0171513e-01  -1.9490106e-01  -2.9035972e-01   4.3941427e-01  -4.4339140e-01  -2.3767254e-02   1.1733940e+00
   2.0000000e+00   3.0548478e-01   1.1258529e+00  -3.4562506e-01  -4.8905803e-01  -1.1492781e-02  -4.2100176e-01   7.8707065e-01   1.0822111e+00   8.9037109e-01   6.7373415e-01
   2.0000000e+00   5.3385976e-01   9.4426045e-01   2.4501790e+00  -1.7042040e-01  -3.7333195e-01   1.6159927e-01  -6.6606750e-01  -1.5717643e+00  -1.7144905e+00   1.2533140e+00
   2.0000000e+00  -1.0683135e+00  -1.2708853e+00   9.6156371e-01   5.8860010e-01  -4.9102139e-01   5.6630402e-01   1.0125389e+00  -7.7900548e-01   9.2264018e-01  -2.8388192e-01
   2.0000000e+00   9.9119779e-01  -9.6557381e-02  -1.9394282e-01  -2.2416615e-01   7.0863287e-01  -1.1172332e-01   9.7387243e-01  -3.3716172e-01  -1.4948354e+00  -8.8422110e-01
   2.0000000e+00  -1.4924516e+00  -9.8764629e-01   4.0825911e-01  -3.8774716e-01   1.7025723e+00   7.0765858e-01  -7.3264701e-02  -9.7009554e-01  -5.9057960e-01  -3.8141867e-01
   2.0000000e+00   7.7009327e-01  -8.7323345e-01  -2.8284450e-01  -1.3757164e+00   1.1167883e+00  -1.0832788e+00   5.2762798e-02  -7.7523854e-01  -1.1575092e+00   8.6250329e-02
   2.0000000e+00  -4.8350559e-01   2.7583491e-01   3.1804854e-01   8.5642302e-01   1.3287596e+00  -6.0972818e-01   1.7927801e-01   4.5873485e-01  -8.1458793e-02  -5.2832135e-01
   1.0000000e+00   2.5151732e-02   3.0029608e-01  -1.1892368e-01   2.0152170e-01   9.0252924e-02   6.4799302e-01   1.4013078e-01  -9.8921563e-01   5.3913902e-01  -6.8914395e-01
   2.0000000e+00  -3.2792209e-02   5.9698912e-01   2.5635029e-01   5.8856681e-01   8.4024582e-01   4.1236482e-01   2.2127884e-01   1.3379066e+00  -1.5183463e+00   1.6831434e+00
   1.0000000e+00   2.6944936e-01   2.0200707e+00  -1.2546324e+00   1.6246189e+00   7.0527082e-01   8.4089538e-01  -1.8193960e+00   4.5695099e-01   3.3610698e-01   5.8560913e-01
   2.0000000e+00  -2.1068666e+00   5.4126867e-01  -9.0296442e-01  -3.0265009e+00  -1.5395430e+00  -5.4120142e-03   2.0276388e+00  -1.0500643e+00  -1.4612403e+00  -9.9949572e-01
   1.0000000e+00  -6.9275447e-01   5.5051232e-02   6.1717586e-01  -1.9556136e+00   1.0378550e+00   8.0238395e-01  -2.7379047e-01   8.3442027e-01   2.9721868e-01  -6.5226144e-01
   2.0000000e+00  -9.1866578e-01   5.8227509e-01  -2.4755357e+00  -1.0062646e+00   8.0588438e-01   8.1819730e-01   3.3817644e-02   5.0832866e-02  -7.0473779e-02  -1.5937178e+00
   2.0000000e+00   2.2328121e-02  -4.0773183e-01   8.8791191e-02  -5.6718150e-02   2.3001208e-01   1.6678548e-01   6.4700325e-01   1.1220398e+00  -4.2992652e-01  -7.7904679e-01
   2.0000000e+00  -1.9175212e-01   6.6558098e-01  -1.8547661e+00  -5.5591969e-01  -2.5635704e-02   1.5643505e+00   1.2557528e+00  -1.9443831e+00  -9.7599064e-01   1.2007164e+00
   2.0000000e+00   1.6242959e-01   1.4430971e+00  -5.8580105e-01  -5.3800838e-01  -1.0754108e+00  -1.1525985e-01  -5.4814143e-02  -5.9902064e-01  -4.9009559e-01   1.0397472e+00
   1.0000000e+00  -3.9484461e-02  -2.1498330e-01   1.8579553e+00  -9.6643908e-01  -1.5082323e+00  -2.8221597e-01   2.5301954e-01   9.1334796e-02   5.6100947e-01  -3.3277320e-01
   2.0000000e+00   7.2045213e-01   2.0400682e+00  -9.1483328e-01   3.4424264e-01  -4.7385418e-01   5.7556329e-01  -7.1045292e-03  -8.9600199e-01   1.9102753e+00   1.4223007e+00
   2.0000000e+00  -1.2517516e+00   2.1186096e-01  -2.1580018e-02   1.1192472e-01   5.2819571e-01   3.1653362e-01   6.4484305e-01  -1.1599316e+00  -1.9171375e-01   1.8259696e-01
   1.0000000e+00  -8.1717804e-01   1.5749211e+00  -1.7633027e+00   7.1242915e-01   3.7992163e-01  -9.1680859e-01   3.7808676e-01   2.0073347e+00   1.8832286e-01   6.5013502e-02
   1.0000000e+00   2.8386626e+00   1.4233033e+00  -8.9149890e-01   1.8458726e+00   2.0347760e-01  -6.6319884e-01   8.7260980e-02  -2.3598086e-02   3.4642306e-01  -4.2009485e-01
   2.0000000e+00  -5.3340518e-01   6.4559188e-01   9.9261087e-01   1.4909727e-01   9.1149070e-01  -9.4819333e-01  -8.5258326e-01  -1.0340844e-01  -2.2451536e+00   8.1149421e-01
   1.0000000e+00  -2.3626182e-01   9.8631610e-01  -1.0552174e+00   4.3742668e-01  -8.4108694e-01   2.2928355e+00  -5.8214956e-01   2.5886211e-01   1.0519311e-01  -2.6267333e-01
   2.0000000e+00   8.2442434e-01  -1.2444013e+00   1.6789053e+00  -1.0009537e-01   3.9224159e-01   1.6335460e+00   2.4154217e-01  -7.3858911e-01   1.3225939e+00   7.3590798e-01
   1.0000000e+00   7.4529974e-01  -1.3190757e+00  -8.6071398e-01  -7.5416775e-01   1.4883132e+00  -9.8641321e-01   4.0968716e-01  -3.5590127e-01   3.8787384e-01   2.8643380e-01
   2.0000000e+00  -1.2336451e+00   9.2062642e-02   5.4360078e-01   3.5751105e-01   4.5169576e-01  -1.0559786e+00   1.8717093e-01  -5.7485143e-01  -8.6711173e-01  -4.3977134e-01
   2.0000000e+00   1.3155299e+00  -5.3669680e-02   9.1794980e-01  -9.6206174e-01  -2.4716372e-02   8.0441492e-01  -2.4207657e-02  -1.5389653e-02  -9.7166517e-01  -7.8063307e-01
   2.0000000e+00  -4.7137751e-01  -1.7310592e-01  -1.4031032e+00   1.8631551e+00  -1.5638247e-01  -5.5996174e-01  -1.0070937e+00  -1.2597649e+00  -1.3618077e+00  -1.8314761e-01
   2.0000000e+00  -1.1129587e+00   2.6443765e-02   6.1554032e-01   1.1433111e+00  -1.1864135e+00  -1.2432952e+00  -1.9702806e+00   8.9628829e-01   1.0574090e+00   1.5875536e+00
   1.0000000e+00   2.4167995e+00   6.1289098e-01  -5.9150860e-01   4.3294231e-01  -7.8308234e-01  -7.5452574e-01  -8.5210501e-01  -5.3256627e-01   3.9831246e-01   5.6396852e-01
   1.0000000e+00  -4.6039025e-01   2.3140268e-01   3.0409431e-01   7.3757592e-03  -4.1202674e-01  -9.2252350e-01   1.0437636e+00  -6.5676091e-01   5.9615621e-01  -3.7651399e-01
   2.0000000e+00   2.2752743e-01   1.1754045e+00  -9.5538777e-01  -5.9566541e-01  -8.5441943e-01  -2.5147950e-01  -4.4777774e-01  -1.9798063e-01  -1.9602132e+00  -7.3512842e-01
   2.0000000e+00   2.2116940e-01   1.0483054e+00  -2.3031096e-01   1.7902681e+00  -1.7389241e-01   1.4974568e-01  -1.4423915e+00   4.6098871e-01   1.6695598e+00   1.1088489e+00
   2.0000000e+00  -2.4933858e-01  -1.5280598e+00   1.2085585e+00   1.7367957e-01  -2.1854598e-01   2.3832095e-01  -4.7604850e-01   2.1834443e+00   2.0984984e+00  -3.2634045e-01
   2.0000000e+00  -7.5959106e-02   1.1165146e+00   1.4083936e+00  -3.3151638e-01  -1.2081720e+00   8.8170347e-01  -8.3840887e-01   8.0474706e-02  -2.4076068e-01  -2.2545873e+00
   2.0000000e+00   1.4928134e-01   8.0464783e-01  -8.7483210e-01  -8.7033485e-02   1.1035897e+00  -1.6012983e+00  -6.9111306e-01   1.8447016e+00   1.9662453e+00  -3.6515564e-02
   2.0000000e+00  -1.5677531e-01   5.7326955e-01   1.6437411e+00  -1.3436430e+00  -1.7010549e+00   1.7643313e+00   1.8959651e-01  -1.1602603e+00  -1.5268941e+00   1.3115112e-01
   2.0000000e+00  -1.0554164e+00  -9.1409167e-01   1.0187910e+00   2.5298520e-01   4.0015077e-02  -2.2856985e-01   8.6748090e-01  -6.6015714e-01  -6.0056392e-01   3.3676812e-01
   2.0000000e+00   9.2317152e-01  -3.4984725e-01   6.9040416e-01   1.1272307e+00  -3.2644283e-01  -7.1177856e-01   4.3702435e-01   5.2827498e-01  -1.1736911e+00   6.2643150e-01
   2.0000000e+00   8.8367818e-02   7.3380353e-01   8.2004775e-01   3.6043177e-01  -1.4022439e-01   5.3933297e-01   1.3738776e+00   2.9751748e+00  -5.9574720e-01  -9.2456273e-01
   2.0000000e+00  -2.0085942e-01   4.9375992e-01  -1.3959566e+00  -2.5259290e-01   4.3904190e-02  -2.5794355e-01  -1.1232335e+00  -5.8468017e-01  -1.4202954e+00  -1.2191827e-01
   2.0000000e+00   1.6197927e-01  -9.4785135e-01  -9.8055951e-01  -2.8516255e-01  -1.3489537e-01   8.9906919e-03  -1.1202692e-01   8.7184541e-01   1.4015921e+00   2.4855345e+00
   2.0000000e+00  -3.0047904e-01  -4.8413902e-01  -3.5738684e-02   4.5073363e-01   1.4457129e+00  -7.9286476e-01   1.5836945e+00  -1.6788413e+00  -8.5774959e-02   3.2414598e-01
   2.0000000e+00  -5.1193417e-01   3.3088192e-01  -1.3583731e+00   1.6816984e-01  -1.3452405e+00   3.6354461e-01  -2.0002005e+00  -1.3117410e+00  -5.8261686e-01   3.0674886e-01
   2.0000000e+00   1.4669817e-01  -1.8151507e+00  -8.9121045e-01  -1.6526251e+00  -9.5147555e-01  -9.5960987e-02  -5.2081897e-01   1.0267754e+00   1.4119318e+00   5.4149712e-01
   2.0000000e+00  -6.3563141e-01  -6.9222843e-01   9.4999617e-02   7.6856060e-02  -1.3391980e+00  -2.7358815e-01   2.6358770e+00   6.6987568e-01   1.8937563e-01  -1.4624216e+00
   2.0000000e+00   4.7565501e-02  -5.5148408e-01  -6.8211734e-01   2.1460053e-01   2.6806429e-01   4.1934688e-01   5.8760334e-01  -5.9834166e-01  -2.1767275e-01   1.0341457e+00
   2.0000000e+00   2.4648022e+00   2.8447628e-01  -3.4220419e-02   8.0026038e-01   7.4637994e-01   6.7016905e-01  -1.8361400e+00   1.5094204e+00   7.2027253e-01   8.0114220e-01
   2.0000000e+00  -1.5453040e+00   5.0818351e-02  -3.7766150e-01   8.8756915e-01   1.7086396e+00  -1.0764740e+00   3.6574131e-01   1.2347549e+00  -9.1144485e-01  -1.6703433e-01
   2.0000000e+00   4.7524766e-01   3.7145726e-01  -9.7624432e-01   7.3748464e-01   1.7562426e+00   1.4418147e+00   2.9515774e-01  -4.4453877e-01   8.3460288e-01  -9.4127957e-01
   2.0000000e+00   2.4977026e-01  -7.0110592e-01   1.1810270e+00   4.7915121e-02   1.3105966e+00  -5.4994440e-01   1.4769699e+00   5.9883600e-01   1.2505385e+00   3.6999836e-01
   1.0000000e+00   4.5101686e-01  -9.8002145e-01   1.3847622e+00   5.6252388e-01  -7.3539663e-01  -3.9802904e-01  -9.6003883e-01   3.0712262e-01   7.7803569e-01  -2.1754563e-02
   2.0000000e+00   3.7744525e-01   5.4036250e-01   1.7609851e+00  -6.6929120e-02   1.6996696e+00  -1.4862750e-01   4.2560111e-02   6.5377677e-01  -1.3583586e+00   1.5826090e-01
   2.0000000e+00   7.7557603e-01  -9.0881399e-01   2.7440259e-01  -2.0295179e+00  -8.8836177e-01  -1.7392146e-01  -3.3888255e+00  -1.0458839e+00   2.0953324e-01  -6.5759396e-01
   2.0000000e+00  -6.5615768e-01   1.7906900e+00  -5.0945256e-01  -2.2149782e-01  -5.2126541e-01   1.6923836e-01  -1.6932319e+00  -2.2438771e+00  -1.1811183e+00   1.3147139e+00
   2.0000000e+00   1.5512114e+00  -5.2116967e-01  -7.7024066e-01  -9.1389322e-01  -1.4473758e+00  -1.1183835e+00  -1.2159198e+00   7.3913753e-01  -1.2810130e+00  -4.8552834e-01
   1.0000000e+00   1.1967304e+00   1.7343608e+00  -1.8690189e-01   4.9238324e-02  -6.8886718e-01   1.3938893e+00  -1.1269299e+00   1.4579335e-01   3.3949566e-01  -2.6966363e-01
   2.0000000e+00   1.6702520e+00   8.2662349e-01  -4.6709845e-01  -7.2020694e-01   7.5474623e-01  -8.8965255e-01   2.3474121e-01  -2.3262372e+00   4.8565051e-01   9.2790132e-01
   2.0000000e+00  -1.5672118e+00  -4.4727842e-01  -1.0019877e-01   3.2668396e-02  -1.5737283e+00  -1.1885503e-01  -6.6776299e-01  -2.1158213e+00   3.6078141e+00  -7.8238994e-02
   2.0000000e+00   9.6748955e-01  -1.8737547e+00  -5.3587208e-02  -1.7660052e-01   2.7571081e+00  -1.7370963e-01  -2.1196153e+00   5.4252079e-01  -1.2519178e+00   1.1209413e-01
   2.0000000e+00   6.3792617e-01   2.5157899e+00   1.2412404e-01   7.6214772e-01  -9.1254537e-02   8.5137354e-01  -6.9889998e-01   1.2197533e+00  -6.0304189e-01  -1.4768809e-01
   2.0000000e+00  -9.2707987e-01   1.2171388e+00   2.3964957e-01  -5.4497056e-01   6.4504431e-01  -2.5032831e-01  -1.2606715e+00  -1.2192244e+00  -4.5582085e-01  -1.7694868e+00
   2.0000000e+00   1.7442099e-01   9.4912976e-02  -5.9487873e-01  -2.5533481e-01   9.6401446e-01  -1.2046612e+00   6.9009629e-01   6.4685801e-02   3.4902482e-01   1.6479678e+00
   2.0000000e+00   1.1641737e+00  -2.1777101e-02   7.5613412e-01   3.3721081e-01  -4.6037669e-01  -7.7555550e-01  -4.6359696e-01   5.9777072e-01  -4.9259964e-01   2.0383065e-01
   2.0000000e+00   9.9066348e-01   1.1020000e+00   2.4218511e-01  -1.2140670e+00  -1.0081780e+00   8.4704848e-01  -5.1207804e-01   7.4521118e-01   3.0213931e-01   1.0123273e+00
   2.0000000e+00  -1.7188469e+00  -1.7389306e-01  -6.7448078e-01   7.0749972e-01  -1.3949526e+00  -9.6266445e-01   3.9463372e-01   1.5091522e+00   1.7961898e+00   1.6938608e-01
   2.0000000e+00  -2.8314742e-01   2.2030063e-01   6.9469911e-01  -1.5207343e+00   2.4815545e-01   1.7042432e-01  -1.5007113e+00  -1.0847000e+00   1.3452043e+00  -8.9053409e-02
   2.0000000e+00  -1.0441934e+00  -2.7929693e-03   1.1329951e-01  -8.8222287e-02  -6.5067540e-01  -5.9200662e-03   1.1642056e+00  -1.0281688e+00  -4.2183309e-01   7.0040001e-01
   2.0000000e+00   5.8212250e-01   1.2179340e+00   2.2118857e+00   5.0023093e-01   1.0277963e+00  -1.3718668e-01  -9.9452858e-01  -2.2240305e-01  -1.6811126e+00  -3.0252236e-01
   2.0000000e+00  -1.7799471e-01   3.7807630e-01  -5.1012712e-01   7.4126478e-01  -6.0506264e-01  -1.3625629e+00   5.5888198e-01  -4.3074863e-02  -3.9767416e-01   1.2923966e+00
   2.0000000e+00   4.9505371e-01  -3.0243853e-02   6.5091793e-01  -3.8636485e-01  -1.1729313e+00   4.6058727e-01  -4.4303404e-01   7.9104732e-01   6.9969257e-01  -1.9804358e+00
   2.0000000e+00  -1.6472422e+00   5.1622213e-01  -2.2302672e-02  -1.5760001e-01  -1.8289953e+00   1.4535110e+00  -6.3219838e-02   5.2395969e-01   2.1270779e+00  -9.5582268e-01
   2.0000000e+00   7.9170812e-01   1.0697908e+00  -4.3929058e-01  -1.1498622e+00  -8.9067164e-01   3.2255344e-01   3.8852234e-02   1.1743519e+00   6.8535449e-01  -7.7616373e-01
   2.0000000e+00   2.8385174e-02  -9.6104110e-01  -1.5889197e-01   1.7215815e+00  -2.5904603e-01  -1.4243349e+00   3.8536842e-01   1.5495848e+00  -1.9339768e+00   2.3329740e+00
   2.0000000e+00  -5.4345093e-01  -4.9488174e-01  -2.2985261e-01  -2.9353403e-02  -3.8369976e-01   7.2720073e-01   5.3266461e-01   2.4334164e-01  -1.3329145e+00  -8.3836120e-01
   2.0000000e+00  -3.8410938e-01  -1.5091435e+00  -6.6959387e-01  -3.2855742e+00   6.3196916e-01   6.4230738e-01   3.4527785e-02  -4.9838205e-01  -7.5710502e-01  -2.0264582e+00
   2.0000000e+00  -2.0970992e-01  -1.1887526e+00   8.7306754e-01   9.8736904e-01   1.1960199e+00   1.1312885e+00   6.5925290e-01   6.9460860e-01  -8.6048560e-01  -9.5201906e-01
   2.0000000e+00  -1.7728907e-01  -1.5633028e+00   3.8465142e-01   1.4758815e+00   1.6192848e-01  -1.3453455e-01  -2.4882312e-01  -2.4411090e-01  -3.6446414e-02   6.2360640e-02
   1.0000000e+00  -2.1802774e+00   4.1320670e-03  -7.9078738e-01   9.1066369e-01  -2.2587604e-01  -8.6091439e-01  -8.9893101e-01   9.5375539e-01   1.8152909e-01  -1.3112024e-01
   1.0000000e+00  -1.0633071e-01  -4.1913325e-01   4.1662519e-01   3.4748084e-01  -3.1076853e-01   2.5467388e-01   8.2057411e-01   1.6203211e+00   2.8930696e-01   5.8119796e-01
   1.0000000e+00  -1.0088740e-01   5.0530502e-01  -8.2436713e-01   3.2661764e-01  -3.1465389e-02  -6.4264571e-01   8.0465307e-01  -1.2340735e+00   8.0712043e-01   2.0150145e-01
   2.0000000e+00   1.7362462e+00   1.6270032e+00   3.0911316e-01  -3.5692116e-01   1.8544596e+00  -4.4846619e-01   1.7820395e-01   9.0051686e-01  -2.2429473e-01   9.0411609e-01
   2.0000000e+00  -4.0597290e-01  -1.4461196e+00   6.1825926e-02   5.0992159e-01  -5.3240412e-01   2.2590123e+00  -1.8420210e+00   2.4611791e-01   1.2292159e+00   4.3085760e-01
   2.0000000e+00  -1.4912188e-01  -2.0717599e-01   4.4350498e-01   1.6589753e+00  -1.4582284e+00  -5.6928641e-01   2.5852619e-01   1.2169183e-01  -4.6815329e-01   1.3722006e-01
   2.0000000e+00  -4.9402268e-01   5.6125423e-01  -1.4162444e+00  -9.1151325e-02   2.3414189e-01   2.9488946e-01  -1.2624790e-01   7.0552940e-01  -4.4572809e-01   3.9755829e-01
   2.0000000e+00   8.2733865e-01  -2.0493697e-01   4.8587905e-01  -3.7374875e-01  -1.0438048e+00   1.7210254e+00  -1.6083991e+00   3.8491117e-01   5.6586791e-01   1.3281811e+00
   2.0000000e+00   1.6073691e+00  -5.9198186e-01   4.4475540e-01  -1.3157378e+00  -2.9422898e-01   8.1160356e-01   1.1609453e+00   7.5440497e-01  -1.1409949e+00  -2.2335826e+00
   2.0000000e+00  -1.4133170e+00  -1.7056680e-02  -1.7963525e-03  -1.9819662e+00  -6.6218470e-01  -3.1040836e-01   3.4521597e+00  -9.5028929e-01   5.3723265e-01   1.1413777e+00
   2.0000000e+00   3.9208340e-01  -1.4181804e+00   1.2615813e+00   7.3843482e-01   1.5585528e+00   1.7493123e+00  -5.2182486e-01  -8.8702023e-01  -7.3066760e-01  -1.8509679e-03
   2.0000000e+00  -1.4172306e+00  -7.7358767e-01  -3.2527513e-01   1.0514387e+00  -1.0642588e+00   2.8482069e-01  -7.4003269e-01   2.6524358e-02  -6.4862934e-01   1.3331201e+00
   1.0000000e+00  -1.4555794e+00   3.4465317e-01   5.2046390e-01  -2.0818368e-01   2.7836479e+00  -1.3289596e+00   7.3023296e-01   1.2633688e+00   1.4603094e-01  -4.7719351e-02
   2.0000000e+00   1.6344008e-01   7.9748787e-01   9.8644744e-02  -6.7975528e-01  -6.1965469e-01  -8.0004840e-01   1.1245717e+00   5.5048479e-01  -9.9861952e-01  -2.0964426e+00
   2.0000000e+00  -1.7731605e+00  -1.8305734e+00  -2.2047600e-01  -1.2045951e+00  -7.4391437e-02  -2.8647460e-01  -2.4516466e-01  -7.2887485e-01  -9.4369349e-01   2.7514737e-01
   2.0000000e+00   5.1040306e-01  -4.6166273e-01   2.3905176e-01  -7.1101624e-01  -3.2673815e-01  -1.4533594e+00   3.5503658e-02   9.9633959e-02   9.8475254e-01   5.8933091e-01
   2.0000000e+00   8.4478920e-01  -4.9954332e-01  -1.0007886e+00   1.8910695e-01   1.6620858e-01   4.4578194e-02   7.3154120e-02   1.7001900e-02  -2.4605355e-01  -3.0096365e-01
   2.0000000e+00  -5.3086206e-01   1.1337489e+00  -4.4264272e-01   2.1902445e+00   5.8844109e-01   1.1492659e+00  -4.9448691e-02   2.3462609e-01   4.2790403e-01  -8.8271626e-01
   2.0000000e+00  -1.5779743e+00   3.2606495e-01   4.0908772e-01  -9.3605640e-01   9.9580672e-02   4.1646989e-01   2.3708261e-01   1.0917427e+00  -1.2448891e+00  -1.9395678e-01
   2.0000000e+00  -1.7365814e-01  -9.7063507e-02  -1.1332232e+00   5.5450450e-01   8.4951077e-01  -9.3025433e-01  -9.6675924e-01   1.2693800e+00  -1.7728468e+00  -1.0864188e+00
   2.0000000e+00  -5.6501203e-01  -2.2925294e+00   2.2421784e+00  -4.6315789e-01   5.8897595e-01  -1.7096972e+00  -2.1892446e+00  -9.6135429e-01   3.0241754e-01  -6.5845976e-01
   1.0000000e+00   5.5930461e-01  -9.2862656e-01  -4.8018138e-01  -1.1530756e+00   3.0628720e-01   2.2662814e-02   5.5707598e-01   3.2267111e-01   3.8538683e-02  -8.4458376e-01
   2.0000000e+00  -9.0695056e-01  -2.8143055e-01   1.8473523e-01  -7.3416998e-01   6.6446733e-01  -1.0543921e+00   7.0476599e-02  -8.5202283e-01   1.3258020e+00   1.0007571e+00
   2.0000000e+00   2.7258043e+00  -1.6180394e-01   4.3496791e-02  -8.0350933e-01  -1.3126331e-01   4.3162377e-01   1.1396779e+00  -1.0623235e-01   6.1009181e-01   1.1304770e+00
   2.0000000e+00  -7.6543511e-01  -6.6239580e-01   1.2323569e+00  -2.5609372e+00   1.1652296e+00   1.4749901e-01  -8.2312734e-01  -1.1873406e+00  -6.1793974e-01   2.1902050e-01
   2.0000000e+00   8.4824313e-01  -6.6791504e-01   1.1663442e+00   1.8488648e+00  -7.5637585e-01  -1.0815912e+00   1.9952905e-01   1.5293548e+00  -6.6236151e-03  -1.4642559e+00
   2.0000000e+00  -1.4062451e+00   1.4806642e+00   5.6444936e-01   2.0822155e+00   1.2870886e+00  -1.4174787e+00  -1.2392736e+00   1.4175894e+00   1.6439315e+00   1.6910502e+00
   2.0000000e+00  -3.5840742e-01  -1.6831383e+00  -1.6687955e+00  -3.4693258e-01   1.4656145e+00  -4.9373009e-01   4.7083393e-01   6.7422634e-01   2.0633836e+00   1.8645318e-01
   1.0000000e+00   2.9411089e-01  -1.8809648e+00   2.4331874e+00  -1.3290398e+00  -3.0656643e-01  -1.4066384e+00  -9.4171272e-01   1.2315601e+00   6.5915146e-01   2.1833769e-01
   2.0000000e+00   4.4201000e-01   4.0591435e-01  -7.7415217e-01  -5.0402397e-01  -9.1021142e-01  -2.4038855e+00   1.4440733e+00  -3.9539731e-01   7.6900469e-01  -2.1259743e+00
   2.0000000e+00  -9.5339368e-01   2.0507484e+00   1.2646271e+00   6.1566467e-02  -1.3270358e+00  -1.0274402e-01  -2.6612201e+00   1.2543806e+00  -1.4121934e+00   6.0947716e-01
   1.0000000e+00   8.0436277e-02  -1.6373117e+00  -1.1366633e+00  -2.0749714e-01   3.7296664e-01   1.1532183e+00   5.3999655e-01   2.5698770e-01   3.0408159e-01   4.7000518e-01
   2.0000000e+00  -4.1438310e-01   6.6926033e-01  -1.6152664e+00   5.6843981e-02  -7.8052222e-02   5.0041952e-01   1.0050587e+00  -5.2624769e-01  -1.0552998e+00   1.1152023e+00
   2.0000000e+00   4.8697080e-01   1.1688087e+00  -2.8337874e-03   1.2556135e+00  -1.2352609e-01   2.8107062e-01   2.1895431e+00   7.6028112e-02   9.2882642e-01  -7.5385356e-01
   2.0000000e+00  -8.3656317e-01  -1.3898028e+00  -7.6536490e-01  -3.4643097e-01   9.5922620e-01  -1.1353487e+00   4.7844060e-01   8.4818025e-01  -1.3583075e-01  -1.7608517e-01
   2.0000000e+00   5.2302815e-02  -2.5386769e+00   2.7588443e-01  -2.3911489e-01   2.1467484e-01  -1.8940019e-02  -1.2073384e+00  -3.2540671e-01   2.1181220e+00  -1.1287084e-01
   2.0000000e+00   1.1444431e+00   6.2383087e-01   4.8441599e-01   4.6534429e-01   7.3242809e-01   8.3590667e-01   1.1093166e+00  -2.1146811e+00   3.0067775e-01  -1.2511241e+00
   1.0000000e+00   1.1202328e+00  -4.7450629e-01   7.8320123e-02   1.0597690e+00   1.0012368e+00  -6.6413219e-02  -5.3132829e-01   4.6205215e-01   6.0645392e-02   5.9867472e-01
   2.0000000e+00  -1.5383127e+00  -1.4512115e+00   1.3294977e-01   7.6618808e-02   1.6387809e+00  -1.4384983e+00  -4.1023778e-01   1.3234501e-01   1.0688692e+00   1.7217012e+00
   2.0000000e+00  -8.4467982e-01  -7.3505610e-01   1.9408556e-01  -3.5806740e-02   1.0576962e+00  -1.8904072e-01  -7.3247110e-01   1.3045058e+00  -1.8132884e+00   7.8323626e-01
   2.0000000e+00   3.7166132e-01  -5.8513812e-01   1.8707410e+00  -9.1838718e-01   1.2230135e+00  -4.3570357e-01   4.1339455e-01  -4.0452712e-01  -4.3092042e-01  -2.0706437e-01
   2.0000000e+00  -3.2744484e-01  -1.8526637e-02   4.5719344e-01  -4.0431796e-01  -1.5710995e-01   3.7625583e-01   3.7492436e-01  -9.0705806e-01   1.1297961e+00  -1.3640427e+00
   2.0000000e+00  -1.1680656e+00   1.7173086e+00   4.5670551e-01   1.8083092e-01   5.6659730e-01   7.7807532e-01   1.3079931e+00   6.4969145e-01  -1.2031590e+00  -8.2888020e-01
   2.0000000e+00   7.7141977e-01   9.3502586e-01   9.0904515e-01   7.7956857e-01   5.7904082e-01  -8.9352899e-01  -1.1667018e-02   1.4020533e+00  -7.5956604e-01  -3.3497459e-01
   2.0000000e+00   7.3462365e-01   4.9357985e-01  -2.0163837e-01   5.3642913e-01  -1.3388829e+00   1.1384316e+00  -2.3436160e+00  -3.0765054e-01   4.6275999e-01  -2.6070672e-02
   2.0000000e+00   2.5186412e-01   8.6918063e-01  -3.1604841e-01  -2.0359781e+00  -7.5287300e-01   8.8722366e-01  -7.1067100e-01  -1.3515308e+00   1.6725298e+00   1.3875577e+00
   1.0000000e+00   1.3294591e+00  -1.6897963e+00  -6.2929591e-01   2.4810488e+00  -2.7381418e-01   5.1595514e-02   3.0919756e-01  -1.0670485e+00   1.9685284e-01   7.8034515e-02
   2.0000000e+00   5.3234201e-01   7.3612047e-01   6.9947995e-01   9.9702709e-02  -6.5000884e-01   5.1848437e-01   1.2795596e-01  -9.6394875e-02  -3.7912775e-01   9.8276238e-01
   2.0000000e+00  -5.2160722e-01   4.5516549e-02   9.7401373e-02   4.0985142e-01   1.1289106e+00  -5.9457328e-01   1.3850428e+00  -8.0473835e-01  -9.3365080e-01  -8.9453093e-01
   1.0000000e+00  -3.1487717e-01   9.4024535e-01  -1.6477549e+00   9.0025717e-01  -4.0066844e-01   1.0024949e-01  -6.8153124e-01  -2.9072962e-01   2.9745989e-01   3.4087425e-02
   1.0000000e+00  -7.3874745e-01   1.5123466e+00   3.5457222e-02   1.1499195e+00  -5.0197501e-01   4.1636118e-01  -1.9570173e-01   1.8199360e-01   8.9740202e-02  -1.4965541e-02
   2.0000000e+00   9.8839921e-01   4.8154257e-01  -9.5226070e-02  -3.2027502e-01   7.0340479e-01   9.3715311e-01  -6.1206672e-01   9.3804286e-01  -8.8628339e-01   7.3252420e-01
   2.0000000e+00  -1.2917070e+00   1.1006506e+00   1.4830720e+00  -2.1021795e+00  -1.5704652e-01  -5.0223564e-01  -6.8061715e-01  -1.6833260e-01  -7.6469389e-01   1.8176352e-01
   2.0000000e+00   2.5661238e-01   2.5315958e+00   4.0253276e-01   5.7646575e-01   5.0011716e-01   5.0827729e-01   4.0519987e-01  -2.6625244e-01  -7.1716753e-01  -1.4518374e+00
   2.0000000e+00   1.3104296e+00  -8.6595303e-01   1.3526202e+00  -1.6707150e+00   5.5307088e-01   1.7194569e+00   1.1485859e+00   1.5260205e-01   4.9450521e-02  -1.2457879e+00
   2.0000000e+00   1.1077948e+00  -2.1541536e+00   1.6427465e+00   1.3037261e+00  -1.0953214e+00  -2.5548920e+00  -7.1282331e-01   2.2347103e-01  -2.9491533e-01  -1.4255466e+00
   2.0000000e+00   6.2100801e-01  -1.7038810e+00   8.9520332e-01   2.4277926e+00   3.8257528e-01   1.2268544e+00  -3.5159073e-01   6.5901818e-01  -1.6549032e+00   7.0716110e-01
   2.0000000e+00   4.7926651e-01  -6.8360555e-01   4.0922411e-01   5.0930761e-01  -1.6164793e+00  -1.2076627e+00  -4.2484052e-01  -8.8955798e-01   2.7100807e-01  -2.2297560e+00
   1.0000000e+00  -1.1759387e-01  -2.7866347e-02   4.4866464e-01  -2.5408268e-01  -1.8102811e+00  -4.4402580e-01  -4.9899714e-01   5.2906980e-01   6.4198253e-01   1.7272498e-02
   2.0000000e+00   7.4626343e-02   1.8958320e-02   6.0015654e-02   5.4801671e-01  -7.6292015e-01  -7.5575099e-01   9.1981576e-01  -1.1809439e+00  -7.3104257e-02  -1.3869269e-01
   2.0000000e+00  -4.7124182e-04   2.4280095e-02  -3.6105241e-01  -4.0716271e-01   9.7430448e-01  -1.7329796e+00   3.4089683e-01   8.3552505e-01   3.8781157e-01  -1.4091651e+00
   2.0000000e+00  -5.4005613e-01   7.9218026e-01   1.4422774e-01   3.6117733e-01   8.7718206e-01  -2.1867048e-01   1.5518029e+00  -8.2067168e-01   3.8471026e-01  -8.5366727e-01
   2.0000000e+00  -7.4261852e-01   1.6253171e-01  -8.6577731e-01   4.9050535e-02  -9.8572394e-01  -9.5285588e-01  -4.7570694e-01  -2.2978565e-01  -3.0154452e-01  -8.5416027e-01
   2.0000000e+00  -1.2057933e+00  -1.4655435e-02  -2.1818444e-01  -7.8578773e-02   1.7109429e-01   4.1410237e-01  -3.3088140e-01  -1.0979800e+00  -5.5373466e-01   1.2139285e+00
   1.0000000e+00  -7.9938420e-02   1.1604854e+00  -1.3486646e+00  -3.7020827e+00   1.3225783e+00   1.6193198e+00  -5.1024827e-01  -1.6467186e+00   7.4197721e-02  -6.8696865e-01
   2.0000000e+00  -2.7526061e-01  -9.1461946e-01  -1.9503864e-01   4.2667491e-02   6.5375298e-01  -2.1094604e-01  -1.1328378e-01  -4.9294665e-01  -6.8461542e-01  -1.2123456e+00
   2.0000000e+00   1.1982180e+00   4.8587604e-02   8.1122592e-01  -1.0994517e-02  -5.6206022e-01  -1.3710218e+00   6.0019840e-01  -1.1668640e+00  -4.4968709e-01   2.4634323e-02
   2.0000000e+00   9.8426337e-01   6.0400103e-01  -6.9240157e-01  -1.5869825e+00  -6.2010938e-01  -2.0697132e+00  -2.5039932e-01   4.6398128e-01  -1.5271260e+00   9.3834364e-01
   2.0000000e+00   8.7248122e-01  -1.5266554e+00  -8.4624062e-01  -3.9620810e-02   9.8757198e-01  -2.3245041e+00  -1.3532531e+00  -2.9426142e-01   1.1757803e+00   7.9660274e-01
   2.0000000e+00   8.4477697e-01   4.5528308e-01   8.9155716e-01  -4.8917284e-01  -5.7935745e-01  -1.1953780e-01  -2.9383432e-01  -5.3481200e-01  -2.3241209e-01   2.4956635e-01
   2.0000000e+00  -1.8481504e-01   6.1185587e-02  -1.8769245e+00  -1.3460541e+00   1.0524752e-01  -6.9060586e-02  -1.4255935e+00   8.2862612e-01  -1.6383462e+00  -1.8338718e-01
   2.0000000e+00  -1.1822837e+00   1.4860461e+00   2.6758558e-01  -5.8786440e-01  -3.8247607e-01   5.7356241e-01   2.2275821e-01  -6.3262876e-02   1.2549526e+00   7.5873232e-01
   2.0000000e+00   4.4034241e-01  -1.7901846e-01   8.3430974e-01   9.4391306e-01  -9.6725340e-01  -1.3066714e+00  -3.2486496e-01  -2.9852549e-01   2.7710977e+00  -1.3210779e+00
   2.0000000e+00   2.1563215e-01   1.2551804e+00  -7.9553451e-01   6.7367719e-01   6.5342515e-01  -3.4799907e-01  -4.0654395e-01  -1.0247907e+00  -6.8211200e-01   5.8794611e-01
   2.0000000e+00   6.2244285e-01  -3.0164374e-01  -2.8811111e-01   1.1127984e+00   8.7780408e-01   4.0684072e-01  -2.1611928e-01   3.6149743e-01  -7.3461232e-01  -1.9795549e+00
   2.0000000e+00   6.8158219e-01   1.8427630e-02   6.0248000e-02  -1.7731911e+00   3.2762435e-01  -6.7850980e-01   1.3480043e+00  -7.3315328e-01  -2.8686005e+00   2.3907132e-01
   1.0000000e+00  -1.4866267e+00  -4.5187322e-01   6.9311238e-01  -6.0607841e-01   1.2988976e-01  -1.3589286e-01  -3.8370663e-01  -1.0125193e+00   4.2236220e-01  -4.9370776e-01
   2.0000000e+00  -2.9029742e-01  -3.4330511e-01  -9.5258226e-01   1.6158327e+00   1.1927528e+00   1.1925956e+00   1.5095298e+00   3.8675283e-01   4.8651178e-01  -1.6538433e+00
   2.0000000e+00   5.7895824e-01  -6.5128324e-01   3.6753696e-01  -5.8058743e-01   4.7095904e-01  -3.6859566e-01   2.8230921e-01  -5.7309930e-01  -4.9094690e-02  -1.7343874e-01
   2.0000000e+00   8.2192543e-01   5.7729711e-01   1.9581268e-01   2.7350537e-01   1.4620098e+00  -1.5096003e+00  -4.8855756e-01   1.5985519e+00   1.1086146e+00  -6.3162459e-01
   2.0000000e+00   8.3861380e-02   3.8897696e-01   6.8995259e-01   8.5706342e-01  -1.0011355e+00   1.3812257e+00  -2.2425548e+00   1.3101962e-02  -7.0724113e-01   3.3805712e-01
   1.0000000e+00   8.1000005e-01  -5.9325179e-02  -4.0446566e-01  -2.2021945e+00  -1.6558882e-01   8.5827694e-01  -6.9221193e-01  -1.1237426e-01   3.6160820e-01   1.4328459e-01
   2.0000000e+00   3.4386700e-01  -1.0587154e-01  -5.9631366e-03  -1.3379554e-01  -4.5817228e-01   1.9832869e+00   3.5481695e-01  -1.6440894e-01   9.6648075e-01  -1.2682076e+00
   2.0000000e+00   5.6474733e-01  -2.9766174e-01   7.1197215e-02  -2.3430937e-01  -8.5888274e-01   8.9795347e-02   2.1644363e+00  -7.2879568e-02  -1.7635940e+00   5.3908341e-02
   1.0000000e+00   1.4796712e-01  -1.0551352e+00  -5.6446055e-01  -5.8537418e-02  -4.8716992e-01   4.0402548e-01  -1.5563531e+00  -5.3310830e-01   5.8377784e-01  -4.9106706e-02
   2.0000000e+00   8.6198471e-01  -9.7802195e-01   5.7277940e-01   3.9346714e-01   5.9056339e-02  -5.8968972e-01  -5.3826564e-01   1.2847097e+00   2.0262208e+00   1.0798116e+00
   2.0000000e+00   5.4253360e-01   1.1254929e+00  -3.8106820e-01  -3.6660189e-01  -2.1967025e+00   2.7740146e-01  -3.5922550e-01  -5.5961511e-01   1.3576168e+00   1.6971763e-01
   2.0000000e+00  -3.8045006e-01  -1.6590598e-01   8.7698526e-01   1.1221764e-01  -8.4546700e-01  -1.3263272e-01  -2.8122219e-01  -6.2210908e-01  -6.3259760e-01   1.5534249e+00
   1.0000000e+00   5.2140884e-01  -4.9861764e-01   3.1752569e-01   7.7794980e-01   3.4304026e-01  -3.7892383e-01  -5.3048514e-01   1.0461598e+00   5.4342196e-01  -2.2038278e-01
   2.0000000e+00   4.7126314e-01   2.5111528e-01  -1.2726253e-01   1.0789555e+00   3.4288604e-01   1.6687821e-01  -7.2247980e-01   4.3334153e-01  -4.6714298e-01  -2.3766747e-01
   2.0000000e+00  -6.1005469e-01   1.1595290e+00  -9.1648458e-01   6.3353242e-01  -1.5061724e-02   6.7363403e-01   1.1471465e+00  -4.1217130e-01  -3.7892599e-01  -1.0467389e+00
   2.0000000e+00   7.0392424e-01  -2.0453864e-01   1.0885582e+00   7.7426592e-01   4.2847050e-01   5.5148530e-01  -9.7414918e-02  -6.7952319e-01  -8.0069147e-01  -2.2016677e+00
   2.0000000e+00   6.4670996e-01   1.0509990e+00   2.3557536e+00  -2.4809528e-01  -7.5517522e-01   1.1770446e-01  -1.3104585e+00   5.7023305e-02   1.3969314e+00   8.9240092e-01
   2.0000000e+00   1.3743668e+00   5.3567290e-02  -7.6931715e-01   2.1915202e-01   7.7471644e-01  -3.8623961e-01   4.7887315e-01  -3.3395716e-01   1.1257015e+00  -1.7022620e+00
   2.0000000e+00   1.3411539e+00   2.6466884e-01   4.5013695e-01   2.2944813e-01   5.7226576e-01  -4.8196672e-01  -5.1897886e-01  -1.0820939e-01  -2.8484760e-01  -1.3141434e+00
   2.0000000e+00  -4.1959914e-02   8.2373113e-01  -8.0992456e-01  -3.5542176e-01  -1.1169835e+00   8.0480452e-01  -3.5058018e-01   3.0461186e-01  -5.3758004e-01   2.2675360e+00
   2.0000000e+00   1.9914890e+00  -1.0876453e+00  -1.1413662e+00  -6.5180974e-01  -4.8318979e-01  -8.8028901e-01   3.6787997e-01  -8.3359674e-01  -5.1416372e-02  -3.7150911e-01
   2.0000000e+00  -9.2704502e-01  -4.8829659e-01   8.0814868e-01  -2.0343670e+00   1.6300681e+00   7.7828889e-01   5.4223140e-02   5.8228215e-01  -5.3433582e-01  -1.4948298e+00
   1.0000000e+00   2.9594391e-01  -1.6062339e+00   5.3018495e-01  -1.1689936e+00   1.2198662e+00   6.7387716e-01   2.7319866e-01   1.4054389e+00   3.9824333e-01   3.9574517e-01
   2.0000000e+00  -2.2737836e-01   3.5683530e-02  -9.7433991e-01   2.7524075e-03   1.8608233e-01   9.6887082e-01   4.3914203e-01  -7.3876222e-01   8.1403135e-01  -1.0738808e+00
   1.0000000e+00   1.9159887e-02   6.1657458e-01  -1.8380679e-01   3.3096181e-01  -7.5719080e-02  -1.6565446e+00   1.4172236e+00  -3.7883626e-01   5.1054438e-02  -6.6493428e-01
   1.0000000e+00   3.6240989e-01   5.9510365e-01  -9.2303703e-01   1.3592956e+00  -4.2953751e-01  -3.9261156e-02   2.4533230e-01   5.9726551e-01   1.1530238e-02  -6.1901771e-01
   2.0000000e+00  -1.3422875e-01   1.1991022e+00   2.8140395e-01   6.0201671e-01   9.0066872e-01  -1.1576880e-01   4.7866871e-01  -1.8380799e+00   2.0105929e-01  -2.2649277e+00
   2.0000000e+00  -5.3385506e-01  -1.1196715e+00   9.5888181e-01   2.9204199e-01   2.3646609e+00   6.1966902e-01  -7.3269092e-01  -3.8348152e-01  -2.7624023e+00  -7.4267502e-01
   2.0000000e+00  -6.5914675e-01  -1.1062769e+00  -4.2188148e-01   6.0449287e-01   6.0926218e-01  -1.2257255e+00   1.0030030e+00   2.3218672e+00  -3.8677875e-01  -1.4965177e-01
   2.0000000e+00   8.8780049e-01   8.3180659e-01  -8.7201743e-02   8.8932594e-01   4.5816769e-01   2.0210815e-01   1.7584845e+00   8.5364684e-01  -6.0789619e-01  -3.5000245e-01
   2.0000000e+00   7.9438254e-01  -1.8964979e+00   9.2189792e-01   1.5456896e+00   1.5277506e+00  -6.9250931e-01   7.6690705e-01   2.6639728e-01   8.8726499e-01   7.6030823e-01
   2.0000000e+00  -7.7489520e-01   2.8038484e-01  -1.1930551e+00   6.6420988e-01   1.2800161e+00   6.3931345e-01   6.7972392e-02   3.6098301e-01  -8.8626696e-01  -6.5545673e-01
   2.0000000e+00  -7.2287650e-01  -7.5205251e-01  -1.2628771e+00  -8.8229828e-01   1.4156784e+00   1.9287780e+00  -6.0966767e-01   1.6019504e+00   1.4400557e+00  -6.4833246e-01
   2.0000000e+00  -1.0525776e+00  -7.9081123e-02   8.4888704e-01   3.1566051e-01   1.1715654e-01  -5.0673270e-01   5.6789901e-01  -6.1497218e-01  -1.2394823e+00   1.0191280e+00
   2.0000000e+00   4.8237038e-01   1.3674480e+00   1.6781850e+00  -2.7236531e+00  -3.6142904e+00  -5.3226453e-01   1.6507180e+00   1.4787436e+00  -4.3935036e-01  -1.0987342e-01
   2.0000000e+00   8.1223375e-01  -6.6328402e-01   5.4891840e-01  -1.5826535e+00  -3.9749661e-01  -3.6183236e-02  -1.8331706e+00   1.1110267e+00  -4.9942648e-02   1.9094614e-01
   2.0000000e+00   3.6431246e-01   1.6764992e+00  -1.7577601e+00   7.8874490e-01  -2.0798793e+00   7.1151536e-01   5.6405366e-01   7.6121922e-01  -7.7138483e-01   1.4953872e+00
   2.0000000e+00   1.3176986e-01  -4.9675772e-01   5.6716064e-01  -1.8470561e+00  -8.6607136e-01   3.1677417e-02  -2.2214553e-01   2.7413249e-01  -1.3261719e-01  -9.0674130e-01
   2.0000000e+00  -1.5442486e+00   1.7142066e-01  -1.2664701e+00   5.1502154e-01   5.3835388e-02  -1.0003277e+00   1.4508820e+00  -3.5618119e-01  -3.4737744e-01  -1.2062604e-01
   2.0000000e+00  -1.7597349e+00  -5.1807456e-01   7.0722025e-01   1.4604615e+00  -8.1734770e-01  -5.0969811e-01  -7.3900812e-01   2.3858221e-01  -5.4822533e-01   9.1692193e-01
   2.0000000e+00   2.9357956e-01   1.1698642e+00  -5.7756805e-01  -5.8123328e-01  -1.3570059e+00  -6.4004737e-01   4.2165888e-01  -1.6852597e+00  -1.0133334e-01   2.6570433e+00
   2.0000000e+00  -2.0334544e-01  -5.5476063e-01  -1.8304117e+00   1.3829880e-01   5.3125560e-01   3.5777699e-02   1.4941427e+00   1.5524049e-01  -7.6660493e-02   1.4763466e+00
   1.0000000e+00   1.1191053e+00   1.7340021e+00  -1.2871026e+00   1.5663330e+00  -1.3075683e+00   2.7715511e-01   2.9925290e-01   1.5751867e+00   8.7436715e-01   1.8708640e-01
   2.0000000e+00   4.5985676e-01  -3.2807506e-01   4.6960336e-01   1.0614237e+00  -1.7229051e+00   5.6697284e-01  -1.0797862e+00  -3.0081006e-01  -4.5954561e-01   1.3913736e+00
   2.0000000e+00   8.4240231e-02   7.8515169e-01  -3.0341205e-01   5.1894623e-01  -1.0792465e+00   4.6623416e-01   1.0217151e+00  -1.9606279e+00   1.3360661e+00  -5.7776711e-01
   2.0000000e+00  -1.0559895e-01   4.1789478e-02   8.5712346e-01  -2.3017972e+00  -6.5960846e-01  -5.1132624e-01   8.5047610e-01  -3.0674729e-01  -3.1686561e-01   5.0572345e-01
   2.0000000e+00  -1.2414592e+00   1.6526210e+00   1.2971431e+00   2.5932606e-01   5.7256685e-01   1.2637044e+00  -1.9339887e-01   1.5166027e+00   1.1191817e+00   1.6560470e+00
   1.0000000e+00   8.6996437e-01   8.1160291e-01   9.3821688e-01   2.0226808e-01   4.9953357e-01   1.3530384e+00  -9.0502766e-01  -9.2031465e-01   2.6265538e-01   5.7904331e-01
   2.0000000e+00  -1.1862336e-01  -5.2583822e-01  -8.3504405e-01  -9.5159461e-01  -7.2509068e-01   2.1065051e-01  -4.4660021e-02  -1.5736409e-01  -1.0604859e+00   3.3527053e-01
   2.0000000e+00   1.0606912e+00  -1.3308714e+00   6.8838814e-01   8.4101743e-01  -2.4788614e-01  -1.6974072e+00   2.3111072e-01   2.3675884e+00  -3.6974995e-01  -1.8337464e-01
   1.0000000e+00   6.3368132e-01  -7.5645299e-01   8.6321567e-01  -6.3336562e-01  -2.4517849e-02   1.1681824e+00  -1.2159612e+00   1.8548725e-01   8.0452859e-01   9.9109522e-02
   2.0000000e+00  -1.0571584e-02  -1.4540062e+00  -1.0797100e+00   1.2771674e-01   8.0616887e-01  -1.6123325e+00   7.0728498e-01   2.9750865e-01  -5.0106776e-01  -1.0261562e+00
   2.0000000e+00  -2.3390248e+00  -7.4463431e-01  -1.2139033e+00   2.5509477e+00   2.8433367e-01   8.7685319e-01  -2.5039019e-01   4.5185571e-01   6.3652709e-01   7.4897936e-01
   2.0000000e+00   2.9862644e-01   3.7632254e-01   9.9018007e-01  -2.3427076e+00   1.2253783e+00   1.5258874e+00  -2.0750980e-02  -5.3867446e-02  -1.0379788e+00  -4.5952904e-02
   1.0000000e+00  -8.9794732e-01   9.3793518e-01   1.3278898e+00   1.1097116e+00   2.6823674e-01  -2.9425665e-02   9.2013696e-01  -4.2542165e-01   7.2685636e-01   2.9913263e-01
   1.0000000e+00  -1.2442457e+00  -7.4030678e-01  -3.6704062e-01  -5.0236595e-02   5.9898241e-01  -1.6588030e+00   5.1436566e-01   2.3114884e+00   2.5162539e-01  -2.2008880e-01
   2.0000000e+00  -9.4207694e-01  -5.3161059e-01  -6.6891325e-01   8.0931174e-01   4.8694115e-01  -4.4357683e-01  -1.5915822e+00   1.1352979e+00   3.3323290e+00   2.5609770e-01
   2.0000000e+00   1.0659520e-01  -3.0396868e-01   3.4005257e-01   1.1615236e+00   5.2063606e-01   1.5936035e-01  -1.3943917e-01  -1.4681186e-01  -4.7357907e-01   1.3368667e+00
   2.0000000e+00   1.0850880e+00   2.3143929e-01  -3.1293878e-01  -8.5929260e-01  -2.9143756e-01   1.7764333e-01   1.0267200e+00  -1.6168540e+00  -2.9074671e-01  -1.2772866e+00
   2.0000000e+00  -6.8864391e-01   1.2686085e+00   6.9774339e-01   2.0666163e+00  -8.4181477e-01   9.9393402e-01   5.2194083e-01  -3.1524067e-01   1.4949202e-01   1.1735705e+00
   2.0000000e+00   2.0296807e+00   8.5205765e-01   9.5584013e-01   1.0732815e+00  -3.5929575e-03   5.0738799e-01  -9.6017917e-01   1.1321917e+00  -1.0373544e+00  -8.3901126e-02
   1.0000000e+00  -9.5194568e-01  -1.4692740e+00   3.8491322e-01   1.3300816e-01  -7.7079346e-01  -3.0890215e-01  -1.7424456e+00  -7.4256789e-01   7.5267236e-01  -1.7244844e-01
   1.0000000e+00  -8.0126104e-01   6.4358448e-01   1.1510629e-01   2.1670737e-01   3.0979826e-01  -8.5449472e-01   1.6611049e-01  -2.1728166e-01   6.1927593e-01  -3.0138996e-01
   2.0000000e+00   1.2163191e-01   1.2293888e+00   4.5988659e-02  -8.7869505e-01   5.1621258e-01   6.6689674e-01   2.5920830e-01   6.2078083e-01  -6.6817268e-02   5.3625971e-01
   2.0000000e+00   2.6351570e+00  -5.0346226e-01  -9.2235354e-01   4.3311124e-01  -1.6071771e-01  -1.7967281e+00   7.9650862e-02   8.8375100e-01   1.6610377e+00  -4.6544839e-01
   2.0000000e+00  -7.5395705e-01  -1.3638729e+00   2.9446667e-01  -6.4008061e-01  -5.7739332e-01   4.9749426e-01   2.5316326e-01  -8.0831081e-01   1.4889415e-01   1.6925988e+00
   1.0000000e+00  -9.8891633e-01  -8.3134509e-02  -1.4134899e+00  -6.3196138e-02  -1.6487011e+00   3.5580396e-01   3.4112458e-01   5.3566649e-01   4.6288473e-02   2.6548086e-02
   2.0000000e+00   1.4862274e+00   1.7834877e+00  -1.3272708e-01   1.4885721e+00   6.1117422e-01  -9.2326223e-02  -1.2608601e+00   1.5969121e-01   1.3702193e-01   1.1295324e+00
   2.0000000e+00  -1.1050751e-01  -6.3864456e-01  -1.2168754e+00  -1.0110523e+00  -9.2856736e-01  -1.2233505e+00   6.4200528e-01   9.6832883e-01  -1.5616769e-01  -6.6250888e-01
   2.0000000e+00   5.4982558e-03   1.3547336e+00   8.7699422e-02   1.3063545e-01   1.9295145e-01  -2.6562984e-01  -5.8012856e-01   5.0094382e-02   8.6060563e-01   2.7607725e-01
   2.0000000e+00  -1.0359461e+00  -7.8925498e-01  -4.0085269e-01  -2.1260494e-01   6.8320384e-02  -5.8728150e-01   1.8870778e+00   6.2438098e-01  -1.0976639e+00   1.0903574e+00
   2.0000000e+00   2.5893054e-01  -2.3544292e-01   1.9316774e-01   1.7880855e+00   6.6345549e-01   9.1249799e-01   5.4413930e-01   4.8486083e-01   4.1141921e-01   1.1857402e+00
   2.0000000e+00  -1.4221404e+00  -1.4222710e+00   1.9159852e+00   5.9458537e-01  -1.0538526e+00   5.6761549e-01  -8.9175263e-01   1.3804051e+00  -4.9992101e-01   8.0712903e-01
   1.0000000e+00  -2.6860801e-01   4.7406690e-01  -1.0613642e+00   1.6321801e-01   4.5072913e-01   9.3378946e-01   6.2572732e-01   1.8235977e+00   4.0811112e-01   6.5401540e-01
   2.0000000e+00  -8.5145785e-01   5.4051084e-01   4.9565180e-01   3.7627873e-01   5.9037154e-01   2.8537333e-01  -3.2287116e-01   1.3700661e+00  -1.8240737e+00   1.2340454e-01
   2.0000000e+00  -4.2166321e-01   1.4566953e+00  -4.1561621e-01   2.6174108e-01   1.5946181e+00  -2.9516114e-01  -8.3083450e-01  -3.0601191e-01   5.0655194e-01  -1.4355309e+00
   2.0000000e+00  -1.2049591e+00   5.3498749e-01  -1.9948088e+00   1.5812542e+00  -3.8295913e-01  -9.8537133e-01  -5.5222486e-01  -8.4570192e-01   2.8446416e+00  -3.6286439e-01
   2.0000000e+00  -3.2830826e-01   1.0501515e+00   9.2492074e-01  -1.4748595e+00  -5.3245710e-01  -1.4481108e+00   8.4087783e-01   7.4922890e-01   1.0330710e+00  -5.9320342e-01
   2.0000000e+00  -1.7886301e-02   2.2988073e-01  -2.1487040e-01   5.2769911e-01   5.5962478e-01  -1.9179026e-01   1.0280358e+00   2.1645071e-01  -2.3414464e+00   1.0810454e+00
   1.0000000e+00   1.4438948e+00   1.8412086e+00   1.5389174e-02  -1.2644750e+00   9.5363809e-01  -1.4373485e+00  -3.1465699e-01   3.5536597e-01   3.2738138e-01   1.0698522e-01
   2.0000000e+00   4.4616288e-01  -1.5372716e+00   1.3033111e-01   1.4338737e+00  -1.7806486e+00  -1.0935263e+00  -6.1850505e-01  -1.2246015e+00   9.2201226e-01   1.1212756e+00
   2.0000000e+00   1.0768021e+00   1.3271702e+00  -4.0071784e-01  -1.4377807e-01   1.0486873e-01   9.0725129e-01  -4.6137423e-01   6.9431944e-01   6.2365636e-01  -2.3817625e+00
   2.0000000e+00   7.1882640e-01  -9.6822782e-01   8.3086797e-01  -1.3393687e+00   2.8678907e+00  -7.8699988e-01   9.9849273e-02  -5.0666268e-02  -1.1765455e+00  -1.8963764e+00
   2.0000000e+00   5.7391889e-01  -5.1134047e-01  -1.3875802e+00  -7.9109875e-01  -2.4566496e-01  -3.3530963e-01   5.4951520e-01   1.8141493e-01   3.3272576e-02  -1.3669849e+00
   2.0000000e+00   9.6825560e-01   5.1087614e-01  -7.5329900e-01  -1.1070722e+00   1.4795299e+00   5.2482556e-01   1.0569128e+00   1.1009643e+00  -1.8545953e+00   1.6238576e+00
   2.0000000e+00   5.5218136e-01   1.5586768e+00   1.3247775e+00  -1.8232013e+00   8.7573408e-01   1.1625813e+00   1.2310438e-01   5.0729739e-01  -7.4805445e-01   1.0053519e+00
   2.0000000e+00  -2.5065769e-01  -1.6574783e-01   1.4374685e+00   6.7894024e-01   1.2734633e+00   6.3354374e-01  -1.5267808e-01  -6.3397043e-01   2.8888759e+00  -5.6346094e-01
   2.0000000e+00  -1.1927040e+00   1.3152942e-01  -1.1322311e+00   8.1124946e-01  -6.4111423e-01  -1.1866239e+00   1.4257025e+00  -1.9826785e-01   8.8235354e-01   3.8594580e-01
   2.0000000e+00  -1.3437795e+00  -1.9030725e+00  -4.2458490e-01   6.3114500e-01  -5.3219584e-01   3.3839071e-02  -5.9546259e-01   1.0525889e+00   4.1679604e-01  -2.0826187e+00
   2.0000000e+00   5.3019828e-01   1.8544188e+00   3.8430364e-01  -1.7097463e-01   4.4019594e-01  -7.0411615e-02  -8.5129912e-01  -1.1051581e+00   1.4117426e+00  -4.5189208e-01
   2.0000000e+00  -5.1092331e-02   7.7647560e-01  -7.1315063e-02   4.9776194e-01   9.1846349e-01  -6.8397129e-01   1.4038695e+00  -2.4421179e-01   1.1719018e+00   1.1944310e+00
   2.0000000e+00  -1.4580456e+00  -1.2307077e+00  -8.3140607e-01  -4.8440649e-02   8.7021335e-01  -2.3690558e-01  -8.7641546e-01  -1.4964810e+00  -9.3181525e-01  -1.2689496e+00
   2.0000000e+00  -8.7662311e-02  -1.0080838e+00  -1.2793313e+00  -1.8405953e-01  -1.1053549e+00   8.3289075e-01   8.2083458e-01  -9.7515466e-02   4.1695659e-03  -1.0681333e+00
   2.0000000e+00   3.0704870e-01   3.6844543e-01  -9.7632593e-01   1.0423654e+00   2.4332688e+00  -7.3328495e-01   3.1421354e-01   1.0051491e+00  -1.3673329e+00  -7.4480875e-02
   2.0000000e+00   4.4533810e-01   1.1316230e+00   8.8981819e-01  -1.4007763e-01   6.0914654e-01  -5.9826770e-01   6.2155758e-04  -3.2943196e-02  -4.0574957e-01  -1.7732525e-01
   2.0000000e+00   1.4654400e+00   7.1065750e-01  -1.1415050e+00   1.7818767e-01  -5.3599600e-01  -1.0738800e+00   2.1829819e-01   2.1427159e-01   1.3191213e+00   9.6802459e-01
   2.0000000e+00  -3.7370467e-01   2.7445213e-01   2.0368899e+00   1.1186875e+00   5.2900755e-01   1.8109651e+00  -1.9983990e+00  -2.1237627e-02  -6.3292832e-01   7.9717406e-01
   1.0000000e+00   9.1909210e-01   1.8462169e-01   9.7328597e-01   2.8875290e-01   1.1132723e+00   2.6018901e-01  -4.4087600e-01  -5.3525108e-01   6.1714580e-01   2.8937982e-01
   2.0000000e+00   6.6621192e-01   1.6572795e+00  -5.1453489e-01  -1.9305889e+00   3.1005816e-01   2.0840037e+00  -2.3628837e+00  -3.8474288e-01  -4.5058437e-01  -1.8244910e+00
   2.0000000e+00  -1.5595682e-01  -1.9619463e-01   1.0067927e+00  -8.5161967e-01   8.9107384e-01  -4.7915614e-01  -1.0015210e+00  -3.8243763e-01  -6.7842353e-01  -7.5783976e-01
   2.0000000e+00   5.0983409e-01   9.9768468e-01  -1.1895060e-01  -5.8429132e-01   6.4069000e-01  -1.0178592e-01  -5.3194660e-01   1.2141427e+00  -1.8158737e+00   4.2977186e-01
   2.0000000e+00   9.2742612e-01   7.6384294e-01  -2.1831704e-01   1.3591500e+00  -8.2259318e-01   9.7233948e-01  -8.7231705e-01   5.5310502e-01   8.0159912e-01   1.5479646e+00
   2.0000000e+00   8.6143742e-01  -1.6048708e+00  -6.8314540e-01  -1.4522701e+00   2.0235799e-01   5.2367503e-01   6.2828662e-01   5.4714121e-01  -2.6032760e-01   1.7045591e+00
   2.0000000e+00   1.2764024e+00   1.1171379e+00   1.3695736e+00  -5.0712328e-01   1.6243224e-01   4.5806311e-01  -6.9089443e-01  -6.5769076e-01  -1.0772403e+00  -1.4360735e-01
   2.0000000e+00   9.3946783e-01   1.3018001e+00   8.4652824e-01  -9.2579260e-01   9.0056973e-01  -1.8846938e-01   4.5949632e-01  -5.8844495e-01  -1.6224960e+00   5.1358675e-01
   2.0000000e+00   7.9610719e-01   2.0928060e-01  -1.0432158e+00   5.2155798e-01   7.0303021e-01   2.6428801e-01  -7.7213004e-01   1.9403914e-01  -1.6392267e+00   3.8775540e-01
   1.0000000e+00  -3.7492538e-01   1.2436387e+00   1.4947620e+00   5.8481127e-02   3.3623114e-01  -1.6262055e-01   2.5571877e-01  -1.6422989e+00   7.5281437e-01  -2.8407293e-01
   2.0000000e+00  -1.0030364e+00   1.3073458e+00   5.0769285e-01  -1.9564949e-01   5.9350371e-01  -1.4968541e+00  -1.3721935e+00   1.0974728e-01  -8.6353308e-01  -1.8057893e+00
   2.0000000e+00  -1.6332738e+00   1.2581696e+00   4.3198153e-01  -9.0336332e-01  -2.4802241e+00   5.3059374e-01  -7.8777495e-01   1.0261390e+00  -1.3422794e+00   6.9347088e-01
   1.0000000e+00  -2.4802724e-01   9.1968998e-01  -2.2115040e+00  -3.9352929e-01  -1.7482112e+00   1.1376877e+00  -9.9849326e-01   7.3347237e-01   3.8754213e-01   2.5767426e-01
   2.0000000e+00  -9.7333775e-01  -7.1031875e-01  -4.8650590e-01  -7.0986122e-01  -4.1471162e-01   3.5167896e-01   3.5636724e-01   2.7245897e-02  -1.0059679e+00  -6.5437744e-02
   2.0000000e+00  -9.9339689e-01   3.4840088e-01   7.6640024e-02   1.0879174e+00  -1.1086127e+00  -1.9367651e-01   1.9878466e+00   3.4868399e-01   6.8986325e-01  -2.7821574e-01
   2.0000000e+00  -1.8811038e+00  -6.9646497e-01  -1.4649490e+00   2.2398959e+00  -1.7493606e+00  -1.2047614e+00   8.8731709e-01   1.2602723e+00   4.9793793e-01  -7.8313615e-01
   2.0000000e+00   6.6548800e-01  -5.7796514e-01  -8.2459299e-01   4.9794930e-01  -2.3180204e-02  -1.2967403e+00   5.0902007e-01   6.6088899e-01   1.4902436e+00  -1.4104978e+00
   2.0000000e+00  -2.7094116e-01  -1.0596343e+00  -9.0318294e-01  -7.0601147e-01  -2.1536929e-02   4.2758137e-01  -3.2381166e-01  -1.4112406e+00  -3.0115661e-01  -4.8343095e-01
   2.0000000e+00  -5.4347100e-01  -4.2122887e-02   1.5221020e+00  -1.0058403e+00  -1.2263579e+00   2.1692065e+00  -7.7126056e-01   7.2410339e-01  -9.3356919e-01  -1.3541618e+00
   2.0000000e+00   1.4651916e+00  -5.3354235e-01  -9.1950408e-01  -1.3840605e+00  -1.2151896e+00   9.5279305e-03  -1.1587732e+00   1.2374942e+00  -5.6441361e-01  -8.7886550e-02
   2.0000000e+00   1.1927197e+00   1.4733615e+00  -1.2839319e-01   2.8523197e-01   2.7377020e-01  -7.3427142e-01  -5.8586401e-01   1.3483247e+00  -5.1399174e-01   8.4316784e-01
   2.0000000e+00   8.5793466e-01  -8.7012631e-01  -8.2995547e-01  -4.9781467e-01  -4.1854993e-01  -9.7229540e-01  -6.0509355e-02  -8.2945515e-01  -1.7707054e+00  -7.3539704e-01
   2.0000000e+00   2.3719122e+00  -2.2043302e-01  -7.7287924e-02   1.0340468e+00  -7.0027176e-01   7.3996552e-02   8.7107993e-01  -1.0399802e+00   8.8280781e-01   4.8128169e-01
   2.0000000e+00  -9.8980047e-01  -5.2156215e-01  -1.3851106e+00   2.1498469e+00  -1.1262631e+00   1.8522317e+00  -8.5723390e-01  -1.2658813e+00   1.4927566e+00  -1.7160688e+00
   2.0000000e+00  -1.7624725e-01  -2.0961596e+00   1.6259386e+00  -1.2142001e-01  -1.1039813e+00   4.9132314e-01  -3.3899394e-01  -9.7045832e-01   1.6160308e+00  -3.6160403e-01
   2.0000000e+00  -3.6035078e-03  -3.4619315e-01   1.7827921e-02  -2.6114697e+00   7.4087350e-01   7.4365833e-02   1.9952009e-01   1.8693973e+00  -1.3052232e+00   2.2769766e-01
   2.0000000e+00  -2.7843635e-01  -9.7817569e-01   1.1086610e+00   1.1023340e+00   2.0009954e+00  -5.4706541e-02  -2.5235163e-01  -1.4413246e+00  -1.8946168e-01  -3.1248583e-01
   2.0000000e+00   1.3766924e+00   3.8928003e-01  -7.4580623e-01   6.9345092e-01  -9.1442279e-01   8.5010257e-01   1.4121225e+00   1.9198038e-01  -9.1571352e-01   1.4264124e-01
   2.0000000e+00   1.7409723e-01   1.2177230e+00  -1.7971247e+00  -4.6378013e-01   3.7430483e+00   1.0199536e-01  -1.0093328e+00  -5.8486406e-02  -2.1408892e+00  -7.7293076e-01
   2.0000000e+00  -4.0963291e-01  -8.5879108e-01   2.3537591e+00  -1.2195157e+00   9.7106559e-01   1.2700995e+00  -1.5897501e+00   1.2889856e-01  -4.6755959e-01  -1.0692300e+00
   2.0000000e+00  -2.2847972e+00  -2.2316564e-01   9.9926162e-01  -8.4367155e-01  -1.1282731e+00  -1.5826905e+00  -7.3907425e-01   9.0771699e-01   3.0544063e-01   8.8032148e-01
   2.0000000e+00  -7.5695377e-02  -1.1548136e-01  -1.1446946e-01   1.5430550e+00   7.6590356e-01  -1.8799052e+00  -1.0168885e+00   4.0715741e-01   5.3100613e-01  -1.3963914e+00
   2.0000000e+00   7.0143905e-01  -1.4153020e-01   1.2326988e+00   1.3436381e+00   1.1968719e+00  -4.0067685e-01   4.8411396e-01  -1.1562397e-01   1.7160916e-01   8.9356661e-01
   2.0000000e+00  -7.7704562e-02   3.1422726e-01  -1.8270948e+00  -1.1684816e+00   1.2366902e+00  -1.5500647e+00   7.8546539e-01   4.1111116e-01  -1.8736810e+00   3.2521858e-01
   2.0000000e+00   1.7883193e+00  -6.3834585e-02  -2.4150181e-02  -3.3068953e-01   1.1969563e-01   4.0217513e-01  -7.4333120e-01  -7.8234279e-01  -8.9428445e-01  -6.9788769e-01
   2.0000000e+00  -3.2207662e-01  -2.0314882e+00  -2.4442637e-01   7.1615455e-02  -1.6476860e+00  -8.3382615e-02   1.2015720e-02   1.0686154e-01  -1.6391423e+00  -8.5161946e-01
   1.0000000e+00   9.5727237e-01   9.9379934e-01  -4.6461308e-01  -5.5765519e-01   8.1835515e-01   2.9477196e-01  -2.3744771e-01   1.3107637e+00   8.2818348e-02   8.4591345e-01
   1.0000000e+00  -1.2417890e+00  -1.6130985e+00   1.2175162e+00   1.8539930e-01   9.4557455e-01  -8.1642492e-01  -1.3558291e+00   1.3615492e+00   1.3079226e-01   5.1702210e-01
   2.0000000e+00  -2.3316536e-01   7.8154178e-01   3.0972156e-01  -7.0345097e-01   1.2764356e-01   3.6539242e-01   1.7387545e-01   6.8962308e-01   3.3849927e+00   1.6895470e+00
   2.0000000e+00  -6.6978563e-01   3.1668165e-01   7.1472568e-01   1.5094438e+00  -7.6291286e-02  -4.4222617e-01   9.5737974e-01  -1.1483048e+00   1.3319393e+00  -9.4681784e-01
   2.0000000e+00   1.4405054e+00   5.0322477e-01  -1.3015015e+00  -5.1266518e-01  -3.4403180e-01   2.6923550e+00   1.1311158e+00  -4.8500380e-02  -5.0353955e-01   4.4598631e-01
   2.0000000e+00   5.1916327e-01   8.0947419e-01   5.8429880e-01  -5.6315835e-01   5.0569450e-01  -1.1753156e+00  -6.6347420e-01  -2.5516399e+00   8.9040312e-01   1.2660178e+00
   2.0000000e+00  -5.5939097e-01   1.6754876e+00  -8.3456543e-01  -4.8050634e-01  -9.6268991e-01   7.1031247e-01   6.4427438e-01   4.2312972e-01   9.7782742e-02  -1.5865361e+00
   2.0000000e+00   1.3528606e+00  -4.1324345e-01  -1.8254131e+00  -1.0952860e+00   1.5714710e+00   1.0051909e+00   8.9350416e-01  -6.4925044e-01  -1.0187207e+00  -9.3975663e-01
   2.0000000e+00   1.0804662e-01  -1.3596821e+00  -9.1191259e-01   7.4302658e-01  -2.0105051e+00   2.3355185e+00   1.2755281e+00   2.7565949e-01  -7.3630153e-01  -3.4287739e-02
   2.0000000e+00   1.2967040e+00  -6.3373618e-01  -2.4380961e+00  -4.2833151e-01  -6.5434887e-02  -1.1778003e+00  -1.0732382e+00  -4.8462470e-01  -1.2811712e+00   1.1191465e+00
   2.0000000e+00  -2.5739274e-01   4.2638390e-01   1.3302277e+00  -9.1918894e-01  -5.1112288e-02  -5.3009883e-01  -2.9566935e-01   5.1689307e-01  -1.7145591e+00  -2.4039530e-01
   2.0000000e+00   1.0542936e+00  -8.4241458e-01   5.2147979e-02  -5.4332287e-01  -3.4081843e-01   9.3410344e-01   5.0107426e-01   3.6515178e-01  -1.0721487e+00  -9.9280431e-01
   1.0000000e+00  -2.4195239e-01  -5.8771824e-02   7.9485366e-01   2.1723885e+00   2.5679602e-01   2.0273603e+00  -5.7754147e-01  -7.2993775e-01   3.9434719e-01   4.6995558e-01
   1.0000000e+00  -5.8338013e-01  -3.3764012e-01  -1.8762493e+00   2.2306359e+00  -4.1348029e-01   1.6081143e-01  -1.4657060e+00  -8.4023794e-01   6.1612358e-01  -2.5835632e-02
   2.0000000e+00   3.1147040e-01  -1.2171073e+00  -2.2413245e-01  -5.6481042e-01   8.3334561e-01   1.7312583e+00   1.2217650e+00  -1.1138954e+00   1.2282169e+00  -1.5260963e+00
   2.0000000e+00  -9.3103805e-01  -2.2327823e+00  -6.5796894e-01   6.4790184e-01  -2.0224481e+00   1.5823433e+00  -1.8476047e+00  -1.1464471e+00  -2.2652677e+00  -1.8165850e+00
   2.0000000e+00  -2.7591071e-02  -2.9140324e-02   5.4393264e-01   1.1030459e-01   1.2716325e+00   1.6478360e+00   1.5782950e-01   1.1008052e+00  -4.0840044e-01  -8.9559707e-02
   2.0000000e+00   2.0278571e+00   1.1911073e+00   1.0773686e-01  -5.5788869e-01   2.3457983e-01   1.0023121e+00   1.1202522e+00   2.5896232e-01  -1.4135465e+00  -1.4364317e+00
   2.0000000e+00  -2.0566599e-01  -2.3284345e-01   5.7086148e-01   4.6441822e-01   1.4032870e-01  -7.9973174e-01  -1.9808552e+00   8.7625434e-01  -2.1048801e-01  -3.4154918e+00
   2.0000000e+00   1.5101906e+00  -1.0190008e-03  -8.3044573e-01  -3.2976982e-01   1.6659729e+00   9.3421473e-01  -2.3397929e-01  -1.0869016e+00   1.4004832e+00   8.8011214e-01
   1.0000000e+00  -1.5285993e+00   2.6441074e-01  -1.6712555e+00  -9.4997440e-02   5.9103343e-02   4.8932479e-01  -4.8192239e-01   1.1612448e-01   7.2365303e-01  -3.8672964e-01
   2.0000000e+00  -2.0325292e-01   3.3637311e-01  -2.2586679e-01  -7.2937841e-01   1.0305587e+00   7.2970280e-01   8.6250217e-01   1.1083997e+00   6.2408858e-01   1.1265277e+00
   2.0000000e+00  -4.7332433e-01  -1.4463455e-01   6.1712060e-01  -4.6014282e-01   1.5890572e+00  -1.0283130e-01   5.5326656e-01  -7.4624913e-02  -1.3654622e+00  -1.4016446e+00
   1.0000000e+00  -1.9624194e+00   1.5991861e+00  -2.4864789e-01  -1.2862814e+00  -1.4255910e+00   1.4459666e+00  -7.3515636e-01  -1.1306191e-02   2.0870581e-01   5.2042571e-01
   2.0000000e+00  -6.8413523e-01   1.1995849e+00   8.0661614e-01  -8.3038304e-01   3.9394376e-02  -4.7443007e-01   1.1437915e+00  -1.0239772e+00   1.4794667e+00  -2.0742003e-01
   2.0000000e+00   1.7173540e+00   1.5980731e+00   2.5281720e-01   7.7291146e-01  -1.4888006e-01  -2.8677916e-01  -3.4064697e-01  -3.1945556e-01   7.0810122e-02  -1.0452032e+00
   2.0000000e+00   3.6535545e-01   2.2260105e+00  -6.6811775e-02  -8.8223910e-01   1.4170022e+00  -6.8583475e-01  -2.2378750e-01   7.0050059e-01  -1.2671677e+00  -1.1508978e+00
   2.0000000e+00  -5.9966568e-01  -1.7188064e-01   1.6767925e+00   3.8707270e-01  -1.5654258e+00   1.0020706e+00  -1.4032731e+00  -7.2101667e-02  -3.3103337e-01  -2.1068377e+00
   2.0000000e+00  -2.0450076e+00  -1.3354411e-01   9.2037387e-01   1.5158441e+00   3.0161630e-01  -2.5530481e-01   2.2606985e-01   6.0244556e-01  -1.0883269e+00   4.3717762e-01
   2.0000000e+00  -5.2598335e-01  -1.1772386e+00   1.4921664e+00   2.8229800e-01   1.7996029e+00  -5.3198599e-01   5.5596585e-01  -1.5139480e+00  -1.3199551e+00  -7.1640296e-01
   2.0000000e+00   1.1216874e+00   1.4474401e+00  -1.4901009e+00  -1.1410550e+00   1.2488413e+00   1.2153808e-02  -1.9652158e+00  -1.3583481e-01  -3.3633698e-01   1.3244410e+00
   2.0000000e+00   5.0602806e-01   9.1984071e-01   2.6366944e-01   9.8571006e-01  -6.0638990e-01   5.1303336e-01   1.0475757e+00   1.7116890e-01  -1.9033078e-01  -3.3001216e-01
   2.0000000e+00  -3.3307161e-01   6.0524427e-01   2.1843000e-02  -1.1725788e+00   8.8717718e-02   1.5280028e+00  -7.4603238e-01  -7.4454314e-01   7.7601460e-01  -1.2519025e+00
   2.0000000e+00   1.3903435e+00  -1.0881607e+00  -1.4458213e+00   1.3725901e+00  -1.1453269e+00  -5.5233888e-01  -6.9717679e-01   6.4223772e-01   1.0367927e+00  -7.8519210e-01
   1.0000000e+00  -9.0333312e-01  -1.0308491e+00   4.8211339e-01   1.8254806e-01  -1.0036365e+00   4.3665220e-01   1.3343372e+00   6.4347281e-01   3.1769094e-02  -5.5252943e-01
   2.0000000e+00   2.5415392e-02   9.9128715e-01  -7.5104864e-01   2.4539059e+00  -1.5365313e-01  -6.6852294e-01   8.4438535e-01  -5.3345761e-01  -7.7709476e-03   1.6105775e-03
   2.0000000e+00  -2.6698262e-01  -1.2114654e+00   9.0118539e-01  -8.4626895e-01   1.8968304e+00  -2.9881210e-02  -1.0680279e+00   5.0010795e-01   9.1309271e-01   1.2286782e+00
   2.0000000e+00   7.1790992e-01  -1.4800389e+00  -1.0308393e+00  -2.4668709e+00   1.0910789e+00  -5.2187929e-01  -1.9775937e+00  -3.1995037e-01   1.4556367e+00   1.8224435e+00
   2.0000000e+00   3.8634586e-01  -1.7379065e-01   2.3995666e+00   4.8370639e-01   1.0041895e-01  -8.2411079e-01   1.4236791e-02   5.6237499e-01  -1.1514248e+00   2.2258511e-02
   2.0000000e+00  -2.5019974e+00  -1.9959794e+00   1.1212849e+00  -9.9857693e-02   2.1539373e+00   5.5952904e-01  -2.2046158e+00   1.4780115e-01   2.1591264e-01   1.6413254e+00
   2.0000000e+00  -4.7516072e-01   2.2010769e-01   3.4234766e-01  -1.1866202e+00   4.1842467e-01   1.2024807e-01  -6.9836018e-01  -7.7475619e-01  -7.5493646e-01   1.5158192e+00
   2.0000000e+00  -1.2508663e+00  -4.4367702e-01   3.5799548e-01  -1.8458951e+00   4.0561420e-01   2.3738923e-01  -1.0304733e+00  -8.7903872e-01   1.2395259e-01   2.1571143e+00
   1.0000000e+00   1.5072278e+00  -8.9325888e-01  -7.6724872e-02   2.3592785e-02  -3.4411088e-01   7.5292698e-01  -1.8100991e+00   7.6057121e-01   2.6858946e-03  -8.7478773e-01
   2.0000000e+00   2.7878343e+00  -1.2173920e+00   7.7701963e-01  -8.5328459e-01  -9.9634518e-01  -6.9454759e-01   1.6307371e+00  -1.8673655e-01  -4.1409123e-02  -8.8289681e-01
   2.0000000e+00  -1.1104262e+00  -8.6328053e-01  -1.6514769e+00  -5.9190898e-02   8.6409478e-01  -1.5404170e+00   2.9859064e+00  -1.7284351e+00   7.7428088e-01  -8.2456245e-01
   2.0000000e+00   8.5922822e-01   1.5364689e+00  -4.0049361e-02   1.6360037e-01  -4.0355185e-01   1.7943043e+00   1.3615736e+00   1.0085096e+00  -7.1928638e-01   1.6468351e-01
   2.0000000e+00  -1.2751743e+00  -5.2055105e-01   1.4976935e+00  -4.0340177e-01  -2.7065053e-01   5.4503956e-02   3.1492481e-01  -2.6388710e+00   1.1238866e+00  -2.1811782e+00
   2.0000000e+00  -5.5951478e-01  -3.0534366e-01   3.4013721e-01   7.6231937e-01   2.6254499e-01  -5.6873660e-01   1.3063343e+00  -4.6721298e-01  -7.2722345e-01   1.9154207e+00
   2.0000000e+00  -2.3465072e+00  -2.3373510e-01  -1.5688131e+00  -6.4937235e-01   9.2523772e-01  -6.3969426e-01   1.6125217e-01  -1.4544799e+00   1.0541324e+00   5.1049026e-01
   2.0000000e+00   1.4399362e+00  -1.8475850e+00  -3.3724552e-01  -8.6701158e-01   3.9006578e-01  -4.3041486e-01   7.5452496e-02   1.3833359e+00  -1.6918775e+00  -1.3021194e+00
   2.0000000e+00  -7.2857444e-01   1.0924508e+00  -1.1756605e+00   1.9664696e-01  -6.0083467e-01  -7.3948846e-03  -3.7309865e-01   8.4448145e-01  -1.5522874e-01   1.1638971e+00
   2.0000000e+00   8.4868197e-01  -6.1376087e-01  -1.0094314e+00  -1.3234824e+00   6.1263203e-01   3.4431127e-01  -8.2505209e-01   2.7775125e-01   1.3998571e+00  -9.3507021e-01
   2.0000000e+00   5.6934642e-01  -8.2836149e-01  -3.9655109e-01   2.7865698e-02   1.2510394e+00   3.7417813e-01  -1.4575315e+00  -1.8398442e+00  -1.5780209e+00  -6.1474250e-01
   1.0000000e+00  -2.2502466e-01  -1.0016071e+00  -9.2102359e-01   1.1513934e+00   3.2179631e-02  -1.1528238e+00   1.9049539e+00   1.4587512e+00   3.9946068e-01   9.6926252e-02
   2.0000000e+00   2.1722092e-01   5.4410490e-02   1.0370410e+00   1.3233011e+00  -7.9566255e-01   1.6467539e-02  -1.7542740e+00   8.7893197e-02   1.0089858e+00  -7.9512756e-03
   2.0000000e+00   4.6840943e-01   1.1925175e+00   5.1021023e-01   6.1551423e-02   6.3841731e-01  -2.5958435e+00  -1.6173334e+00   4.8930764e-01   1.2573168e+00   7.0270776e-01
   2.0000000e+00   2.3286156e-02  -8.6712937e-01   1.0961759e+00   6.5507111e-01   1.4051482e+00   1.3905897e+00   4.5031241e-01   1.0670252e-01  -1.5754065e+00   1.3576325e+00
   2.0000000e+00  -5.4120197e-01  -1.4911094e+00  -1.0535884e-01  -2.6597194e-01   1.9407074e+00  -2.3178176e-01   1.6615461e-01   3.3309774e-01  -1.4690305e-01   1.1796418e+00
   1.0000000e+00  -9.7407482e-01  -1.5211484e+00  -1.6531933e-01  -7.1465163e-01  -3.7985171e-01  -5.5393163e-01  -2.0217462e-01  -6.8832034e-01   7.0393493e-01   1.4381373e-01
   2.0000000e+00   4.8103754e-01   1.0353766e+00   1.5102720e+00  -6.2805984e-01   2.0974135e-01  -1.8979785e+00  -4.3914589e-01  -1.7664219e-01   2.0124931e+00   1.7486514e-01
   2.0000000e+00  -6.4699333e-02   2.2499789e-01  -6.5336762e-01   7.0423052e-01  -6.1385205e-01   5.1360521e-01   1.5314365e-01   4.2688851e-01   6.4770955e-01  -1.2680244e+00
   1.0000000e+00  -3.5066036e-01  -9.5293276e-02   9.4506391e-02   1.1588709e+00  -4.1043117e-02  -5.3059457e-01   9.6408591e-01  -2.9409577e-01   4.3477225e-01   3.7578295e-01
   2.0000000e+00  -1.1354703e+00  -2.3903691e-01  -2.4588326e+00   5.4139085e-01  -2.4257260e+00  -6.1125554e-01  -6.9988408e-01  -9.8615786e-01  -1.3104419e+00   2.2064772e+00
   2.0000000e+00   1.6521108e+00  -1.9805383e+00  -5.7624541e-01   2.9772557e+00   4.8590384e-01  -8.5490019e-01   7.4686435e-01  -5.2561674e-01  -9.8783124e-01  -8.3796492e-01
   1.0000000e+00   2.1978367e+00  -3.6924371e-01   6.3155888e-01   1.4564065e+00   8.3134081e-02   1.4065853e+00   9.8874477e-01  -1.6088077e-01   5.6790548e-01   3.5356407e-01
   2.0000000e+00   6.5328172e-01  -1.3539180e+00   7.3964089e-01   8.1526454e-03   8.8647133e-01   8.2193731e-01  -1.2244471e+00  -1.1884897e+00  -4.1429022e-01  -5.7742410e-01
   1.0000000e+00  -9.9988074e-01  -3.9140588e-01  -1.1038028e+00   9.8426486e-02   1.6114616e-01   4.4751997e-01   2.3870374e-01  -1.3026584e+00   7.5878163e-01  -1.5349999e-01
   2.0000000e+00   9.1465219e-01   5.6524677e-01  -5.5378399e-01   1.7888703e+00  -6.0734900e-01   1.4291540e+00  -2.9607638e-01  -1.6828806e+00   1.5312664e+00  -7.4887967e-01
   2.0000000e+00  -5.2302279e-01  -2.1516756e-01  -1.6533474e+00  -2.2514169e-01   1.3149103e+00  -1.2907197e+00  -1.2569814e+00   4.4821454e-01  -2.4925963e+00  -1.3167479e+00
   2.0000000e+00  -1.0815713e+00  -2.8857288e-01  -6.6060786e-01  -9.3039127e-01   2.5578036e-01  -8.5136163e-01  -2.8133394e-01   8.3525095e-01   9.9017147e-01   1.0416244e+00
   2.0000000e+00   3.5478265e-01   6.9989346e-02   4.7840598e-01  -1.2325421e+00  -5.1491008e-01  -1.7103046e-01   7.8178734e-01   1.2581032e+00   6.9384534e-01   2.1401573e+00
   1.0000000e+00  -8.7734016e-01   3.1273995e-01   7.2091030e-01  -6.1103459e-01   2.0452899e+00   3.8227077e-01  -3.9022001e-02   1.3768124e+00   2.1160677e-01  -1.4966758e-01
   2.0000000e+00  -6.6897142e-01   2.5774201e+00   1.3406317e-01  -6.3063820e-01  -8.1857246e-01   1.9773797e+00  -3.9109213e-01   1.7628548e-01  -5.5409890e-03  -1.9762064e-01
   2.0000000e+00  -6.1057223e-01  -9.9561143e-01  -7.7401233e-01  -1.4639464e+00  -6.1896086e-01   1.8602816e-01   6.8603239e-01   1.5068351e-01   6.0755688e-01   1.0282101e+00
   2.0000000e+00  -1.3983455e+00   5.3590612e-01   1.0159559e+00  -7.4376814e-01   4.8982142e-01  -4.5993594e-01   9.7865604e-02   1.2873412e+00   6.2616772e-01  -8.1575558e-01
   2.0000000e+00  -6.1662170e-01  -7.4772905e-02  -5.7894613e-01  -1.8544328e+00  -5.2682223e-01  -2.7270830e-01   1.1743257e+00  -7.7350619e-02  -1.4763463e+00  -6.1697023e-01
   2.0000000e+00   1.8337578e+00  -4.2135915e-01  -1.9657499e+00  -5.6457313e-01   1.1171563e+00  -7.4212034e-01   3.1289448e-01  -4.0479282e-02  -1.6955920e+00  -4.0574585e-01
   2.0000000e+00  -7.2398668e-01  -1.0689533e+00  -3.9332034e-01  -1.6436566e+00   1.1600982e+00  -4.8495422e-01   1.4563971e+00  -3.5081672e-01   3.7802071e-01  -9.4914989e-01
   2.0000000e+00  -3.8097086e-02  -1.0222493e+00   1.0125903e+00  -1.7216766e+00  -3.8812049e-01  -2.1587112e+00  -1.5878773e-01   8.3057819e-01  -1.5560917e+00  -1.1820890e-04
   2.0000000e+00  -9.4875326e-01  -7.2496316e-01  -7.9785341e-01   5.1451776e-01  -9.5390467e-01   3.2804587e-01   3.4056596e-01  -5.7663633e-01  -2.3935580e-01   1.5412400e+00
   2.0000000e+00  -8.5327837e-01  -7.8180027e-01   5.4167646e-01   4.7727489e-02  -1.0641301e-01  -9.7277025e-01  -7.8140251e-01   7.2623413e-01  -8.6868439e-01   5.6441769e-01
   2.0000000e+00  -2.3189221e+00   4.7895177e-01   2.0963080e+00   3.9031235e-01  -7.9993792e-01   5.3545156e-01  -5.0654000e-01  -1.6497736e+00  -1.4585185e+00  -1.6321822e-01
   2.0000000e+00   9.6018227e-01   1.0000971e+00   1.0337334e+00  -5.8201702e-01  -1.6285872e+00   2.9009129e-01   2.0886729e-03  -8.5571247e-02  -6.3044817e-02   6.2283187e-02
   2.0000000e+00  -1.5034815e+00   1.0491119e+00   2.2226045e+00   5.0349587e-01   6.2521475e-01  -1.1607448e-01  -1.4447294e-01  -1.5121658e+00  -2.0646836e+00  -2.0029640e+00
   2.0000000e+00   1.1090004e+00  -4.9900938e-02  -1.0636689e+00  -8.4482099e-02  -1.5679952e+00  -3.5228289e-01  -8.3556398e-03  -2.1097382e-01  -1.6848926e-01   3.7693569e-01
   2.0000000e+00   1.7835423e+00  -2.8430392e-01  -3.0490436e-01  -9.8865612e-01  -3.3962707e-01   1.6779182e-01   1.8687184e+00   6.4783460e-01   1.3728214e+00  -6.8570839e-01
   2.0000000e+00  -1.0317389e+00  -4.6097184e-01  -8.0815292e-01   2.4871211e+00  -2.3063883e-01   9.3805768e-01  -1.5830375e-01   3.8848009e-01  -3.7598862e-01  -3.5934134e-01
   2.0000000e+00   1.7683124e+00   6.6438232e-01  -2.2352235e-02   9.3260942e-02   2.6021133e-01   4.2671934e-01   5.4584966e-01   2.0682984e+00   9.2055728e-01   5.9028314e-02
   2.0000000e+00   1.4709518e+00   7.4148056e-01  -1.3991474e+00  -7.0313927e-01   1.0430266e-01   6.0625080e-02  -1.0182821e+00  -7.7183375e-01  -1.0167258e+00  -1.0104059e+00
   2.0000000e+00   2.0134594e+00   6.4414054e-01  -1.3031183e-01  -1.1828812e+00   7.6516548e-01   8.1705454e-01   9.1736683e-01   1.0908576e+00   1.3029358e+00  -3.1908510e-01
   2.0000000e+00   9.9832538e-01   5.7733698e-01   6.5387098e-01   7.2968707e-01  -7.2898247e-01  -6.3059130e-01   1.8616572e+00   5.5728923e-01  -2.0484078e-01  -1.2577229e+00
   2.0000000e+00  -1.1761000e+00  -6.3849095e-01   1.4025880e+00   1.9236548e-01   9.0218681e-01  -2.0660659e+00  -2.4951971e+00   3.4160503e-01  -4.2310286e-01  -7.5169040e-01
   2.0000000e+00  -9.0121263e-01  -5.3132111e-02   1.0536701e-01   9.7460885e-01  -1.6316836e+00  -1.0080783e+00  -6.4328135e-02  -4.4355323e-01  -1.6656885e+00   2.9480077e-01
   2.0000000e+00   2.8155024e-01   3.7986196e-01  -6.2567235e-01  -8.2755160e-01   1.9360733e+00  -2.0065817e-01  -1.9223811e-01   5.7327200e-01  -1.4820445e+00  -1.4858139e+00
   1.0000000e+00   1.2693232e-01  -2.8444103e-01   4.3171638e-01   5.3238903e-01   5.5675835e-01  -5.8692767e-01   1.4032054e+00   1.1193811e+00   1.7894684e-01  -4.4707775e-01
   2.0000000e+00  -1.0543226e-01   1.0995523e+00   2.4583107e-01  -2.0559119e-01   4.2630208e-01  -8.0381465e-01   1.5718083e-02   6.6201021e-01   6.4919761e-01   1.3765455e+00
   2.0000000e+00  -2.5091351e+00  -1.8766898e-01  -1.2330620e+00   7.8024296e-01   1.2057288e+00   3.0128418e-01   7.4883928e-02  -6.0589767e-01   1.5503067e+00  -6.2401373e-01
   1.0000000e+00   3.9678381e-02   1.7017470e-01  -6.1406078e-01  -4.7442938e-01   1.3260962e+00   1.2124606e+00  -7.5319471e-01  -6.8796309e-01   8.1771250e-01   3.3711578e-01
   1.0000000e+00   1.1175239e+00   9.2928719e-01  -5.7091971e-01   1.0373847e+00   1.6828441e+00  -5.5273538e-02  -4.5713642e-03  -7.2323696e-01   4.2654384e-01  -4.6595352e-01
   2.0000000e+00   2.2717491e-01   1.1679714e+00   1.2253623e-01   1.3927585e+00  -1.3904098e+00   9.3825156e-01  -1.5714386e+00   8.5602170e-01  -3.8442821e-01  -6.9945772e-01
   2.0000000e+00  -1.8870538e+00   9.0762756e-01  -2.0000406e+00  -2.1959866e+00   1.5942999e+00   1.4043867e-01   1.3882046e+00  -6.2550971e-01  -6.8577166e-02   2.4435466e-01
   2.0000000e+00   3.6735976e-02  -1.3859054e+00   1.3382924e-01  -2.8403210e-01   2.0482332e-02  -3.9705571e-01   7.8644031e-01   2.1004705e+00  -7.2383372e-01   1.0548117e+00
   2.0000000e+00  -7.4002996e-01  -1.4339354e+00   5.0425896e-01  -9.8171705e-01   3.7460019e-02  -1.0246447e+00   1.8274805e-01  -5.9322097e-01   1.1373625e+00   1.0114389e+00
   2.0000000e+00   9.7919034e-01  -5.8775531e-01   1.7358683e+00   1.4302382e+00   1.3968901e+00   2.2807438e-01  -1.8164767e-01  -3.3945646e-01  -3.5049249e-01  -2.0135323e-01
   2.0000000e+00   8.6159673e-01  -8.6588132e-02   2.1507916e+00   2.6534196e-01  -3.5421848e-01   6.9970449e-01  -6.2615408e-01   1.0981067e+00   1.2565621e+00   3.9449783e-01
   2.0000000e+00   1.0698259e+00  -7.8368827e-01   5.6292292e-01  -8.1165977e-01  -9.8300925e-01  -1.3830669e+00   1.8356983e+00   6.8422722e-01  -4.4153915e-01  -9.4454112e-01
   2.0000000e+00   2.1509537e+00  -1.3373290e+00   1.3982217e-01   2.6832782e-01  -1.3800867e+00   1.7606581e+00   1.0693949e+00   6.9887276e-01  -4.7180140e-02  -5.3100317e-01
   2.0000000e+00  -6.4848847e-01   1.5473153e+00   3.5462860e-01   5.8413594e-01   1.5889368e+00   4.3287238e-01  -2.8469899e-01  -1.0158898e+00  -2.2977497e+00   9.1801979e-01
   2.0000000e+00  -1.7311667e-01   1.5609968e+00   3.9134999e-01  -1.8635458e-01  -7.1930727e-01  -1.7990026e-01   1.6357173e-03  -5.2052802e-01   6.9319686e-01  -2.0007656e+00
   2.0000000e+00   3.3593052e-01   1.8924244e+00  -3.2487276e-01  -5.5841803e-01   1.5813605e+00   6.6890369e-02   2.1264078e+00   2.2965709e-01   1.3465286e+00  -8.7374463e-01
   2.0000000e+00  -1.3936203e+00  -1.5983754e+00   2.7654936e-01   1.6644576e+00   2.3582592e+00   1.9416455e+00   2.1135256e+00  -5.8694813e-02   1.0993556e+00  -4.0387630e-01
   2.0000000e+00  -8.6238586e-01  -9.0862284e-01   6.8330496e-01   1.6474759e+00   1.0242136e+00   1.7215192e+00  -6.6970476e-01   6.8949685e-01  -3.5474991e-01   7.7295348e-01
   2.0000000e+00  -6.4520688e-01   5.0973959e-01   2.6058794e+00  -9.0969205e-01  -1.0371006e+00   7.0847016e-01   9.8398500e-01   1.6806029e+00   4.4920588e-01   1.0787841e+00
   2.0000000e+00   6.9150339e-01   1.0969180e-01   2.5634941e-01   1.5572192e+00   1.3743251e+00   1.2274927e+00   5.8201039e-01  -6.9247316e-01   1.3299977e+00   5.3326893e-01
   2.0000000e+00  -5.9683593e-01   1.1286060e+00   9.4048088e-02   1.6124658e-01  -7.2040241e-01  -3.2444710e+00  -1.0640693e+00  -1.0154870e+00  -1.9811047e-01  -1.8501196e+00
   2.0000000e+00  -1.7140647e+00   1.9301805e+00  -3.7604723e-01   4.8618637e-01  -3.2502122e-02   5.2366495e-01   1.0525322e+00  -2.4648889e-01  -1.2531875e+00  -1.1310481e+00
   1.0000000e+00   8.8503507e-01  -1.6959353e+00   3.9970387e-01  -1.7560749e+00  -3.7651800e-01   3.8276690e-01   1.3861160e+00   1.8050061e+00   4.7335132e-01  -1.3852259e-01
   2.0000000e+00   9.6764998e-01   6.6330099e-01  -4.0001897e-03   1.4920207e+00   3.3642659e-01   3.4836021e-01   1.3620668e+00   1.6553732e+00  -7.3509739e-01  -1.0982929e+00
   2.0000000e+00   1.0267932e+00  -1.3176509e+00  -7.1260101e-01  -2.2801720e+00  -5.2952194e-01   4.1135052e-01   4.7390275e-01   1.0074194e-01  -9.5748832e-01   4.4464202e-01
   2.0000000e+00   1.8975443e+00   1.3533687e+00  -6.5697124e-01   1.1445187e-02   3.9042583e-01   7.8022488e-01   6.7406725e-01   3.1135043e-01   1.0731658e+00   7.0289117e-01
   2.0000000e+00   2.6413889e-01  -1.7402965e-01  -4.4894071e-02   5.4614751e-01   8.5390700e-01  -9.1068111e-01   6.3464075e-01   7.0230394e-01   2.9298519e-01   2.1708239e+00
   2.0000000e+00   5.6263235e-01  -1.1018879e+00  -4.4736917e-01  -8.3376291e-01   3.9579107e-01   1.0094705e+00   1.4350153e-01  -1.3090985e+00  -6.2128573e-01   2.0573371e+00
   2.0000000e+00   1.2115864e+00  -2.2914643e-01   7.8848817e-01  -1.3847087e-01   6.2972800e-01   1.4326143e+00  -5.8622612e-01  -4.0742076e-01  -1.2882899e+00   1.2396609e+00
   2.0000000e+00  -4.9638150e-01  -1.1530363e+00   1.0003595e+00   8.8875324e-01  -2.0429353e+00   7.0960412e-01   1.0767194e+00  -6.8327199e-02  -1.2308273e+00   1.3380858e+00
   2.0000000e+00  -3.1340688e-01   1.2936143e+00   8.0359642e-01  -1.5776958e+00   1.3419617e+00  -7.3884880e-01  -2.0795124e+00  -8.6373742e-01  -6.3176619e-01   8.4883472e-01
   2.0000000e+00  -5.9881201e-01   1.2745585e+00   7.8174514e-01  -4.7781301e-01  -5.6280680e-02  -9.2931085e-02   1.1503663e+00   2.7113310e-01  -1.6919826e+00  -2.1624569e-01
   2.0000000e+00  -9.3782871e-01  -7.5301967e-01   1.3034312e-01  -2.1231032e+00  -6.6763069e-01  -1.3206104e+00   2.6983219e+00   7.3008149e-01   1.8404858e+00   3.7637891e-01
   2.0000000e+00   1.0028674e-01  -1.4733120e-01  -5.8567399e-01  -6.9349045e-01   7.5208901e-01   2.0006893e+00  -1.2630244e-01  -9.8869468e-01   1.1115582e+00   4.4329683e-01
   2.0000000e+00  -5.2318294e-01  -2.1183307e+00  -1.4268077e-01   5.2893305e-01   5.4033204e-01  -1.5875815e+00   1.0281026e-01  -4.3976877e-01   1.2564308e+00  -1.1408701e+00
   2.0000000e+00  -2.0591249e+00  -1.6679140e+00  -8.0151665e-01   4.8088596e-01  -1.8042487e+00  -3.7516026e-01  -3.9593346e-01   7.0857996e-02   2.0244797e+00  -4.1790620e-01
   2.0000000e+00  -1.4823211e+00   1.3184972e+00   4.1743728e-02   8.2553607e-01  -5.9146473e-01  -6.9454204e-01  -2.2646233e+00   5.1453703e-01  -1.9693401e+00  -5.8825477e-01
   1.0000000e+00  -1.1643085e+00  -5.4448409e-01  -6.9194239e-01  -1.1512293e+00  -3.2066838e-01   1.3244917e+00   4.4322226e-01   1.6130721e+00   6.9784909e-01  -2.5425385e-01
   2.0000000e+00  -3.3195807e-01   6.1639557e-01  -2.0350319e+00   8.6173930e-01  -5.7036356e-01  -2.7777043e-01   1.1842923e+00  -4.5443921e-01  -8.3215883e-01  -2.7706299e+00
   2.0000000e+00  -6.8317079e-01  -5.2609798e-01  -2.4134821e-01   1.0672979e+00  -4.0548805e-01   1.4481290e+00   1.5440912e+00   6.7217021e-01   9.4111635e-01   1.4219394e-01
   2.0000000e+00  -2.6235700e-01   1.9355671e+00  -3.7692449e-01  -3.0574474e-01   2.9980789e-01   6.0497547e-01  -1.3135672e-01  -4.0974666e-02  -1.5910716e+00  -1.1889910e+00
   2.0000000e+00   1.7282003e+00   1.0188087e-01   2.1284930e+00  -5.0095544e-01  -1.3556620e-01   1.4947529e-01  -8.2259175e-01  -9.1736854e-01  -5.2932742e-01  -4.2797200e-01
   1.0000000e+00  -5.5536593e-01   2.9512698e+00   2.4247758e-01  -7.9390793e-01   1.1315322e-01  -9.4653605e-01  -3.3481017e-01   3.3059241e-01   4.4402325e-01  -2.6227378e-01
   2.0000000e+00   1.0266635e+00  -1.4175005e+00  -5.6777850e-01  -1.4066474e+00   1.5958268e-01  -3.8852504e-01   5.9755097e-01   4.7109458e-02  -9.1017693e-01   8.7403887e-01
   2.0000000e+00  -1.2860108e+00   5.8504392e-01   2.0459509e+00   6.7049614e-01  -2.9411803e-01  -4.8391483e-01   4.5016768e-01   6.4790709e-01  -1.4525223e+00   1.1595366e+00
   2.0000000e+00  -6.8058215e-01   1.1214125e+00   2.6716474e+00   1.6895114e-01  -8.8606315e-01   7.0672566e-02   1.0898322e+00   1.8595459e-01  -2.9915610e-02   9.5339402e-01
   1.0000000e+00  -1.4835398e+00  -1.1314610e-01  -5.0097122e-01  -8.5608053e-01   5.6920314e-01   8.3808374e-01   5.4408401e-01  -5.5029086e-01   2.2082009e-01  -7.0494221e-01
   2.0000000e+00   9.9876688e-04   9.6540293e-01  -6.8062087e-01  -2.8778698e-01   6.5229612e-01   1.7110100e+00  -3.6694903e-01   4.5777008e-01   1.5923646e+00   2.9162449e-01
   2.0000000e+00   4.0676700e-02   1.8370018e+00  -1.4690512e+00   4.7544353e-01  -1.1738620e+00   5.7661021e-01  -3.3936656e-01   6.1792829e-01  -1.4744726e-01   6.0375416e-01
   2.0000000e+00   4.8570119e-01  -1.0500936e-02  -1.9487073e-01  -1.4206774e+00   6.4251463e-01  -1.0086699e+00  -2.8748948e+00   8.5652132e-01  -5.7766782e-02   9.3444409e-01
   2.0000000e+00   3.0084624e-01  -9.7145867e-01  -1.7711414e+00   9.7383896e-01  -4.0776721e-01  -1.2264298e+00   4.2535399e-01   2.7367330e-01   1.4224661e+00   1.2566052e-01
   2.0000000e+00   3.5229893e-01   4.8981175e-01  -9.5811009e-01  -8.2516778e-01  -1.1047498e+00  -9.3697096e-02  -1.2268104e-02  -3.7980703e-01   1.6320165e+00   9.4962008e-01
   2.0000000e+00   6.3243290e-01   3.3657615e-01   8.8043125e-01  -5.8110872e-01  -5.7717719e-02   1.1698948e-01   1.9237026e-01   5.2681113e-01  -6.8788436e-01  -1.1630530e+00
   2.0000000e+00  -2.6025236e+00  -2.4106372e+00   3.3769422e-01   2.5827782e-02  -2.4309524e-01  -4.1331788e-01  -1.2802301e+00  -7.4237904e-02  -1.2857747e+00  -6.5097418e-01
   2.0000000e+00  -6.3540268e-01  -1.3928049e-01   8.4701645e-01   2.4315672e-01   4.3706511e-01  -9.1993397e-01  -5.7989254e-01  -3.0904567e-01   3.2554929e-01  -1.0228722e+00
   2.0000000e+00  -1.7019397e-01  -6.9468333e-01  -3.2989690e-01  -2.9058121e-01  -1.2853862e+00   6.3071951e-01   1.2097578e+00   1.1251800e+00  -3.7558751e-01  -3.7827707e-01
   2.0000000e+00   6.3321677e-02   6.9036350e-01   3.3846664e-01  -7.9311188e-01   8.4856007e-01   4.6092095e-01  -1.4837241e+00  -1.0036338e+00  -3.7053128e-01   3.4439705e-01
   2.0000000e+00   1.1160793e+00  -1.2806201e+00   5.8836424e-01   1.0179247e+00  -1.8858384e-01   7.1300206e-01   1.5474231e-01  -1.2619752e+00  -8.3647449e-01  -1.0387091e+00
   1.0000000e+00   9.9327720e-01   3.7518012e-01   1.0409781e+00   1.2451457e+00  -1.0576448e+00  -2.4031931e-01  -6.5565265e-01  -1.8835190e+00   1.3167235e-01  -3.1033214e-01
   2.0000000e+00   7.5469840e-01  -9.2965247e-02   4.2222417e-01  -4.5406869e-01   1.1593342e+00  -4.6682261e-01   1.8634841e+00  -2.2454980e-01   1.2420139e+00   2.2987566e-01
   2.0000000e+00  -1.4968949e+00  -1.6221245e+00  -1.0796654e+00   2.2200497e-02   2.8985421e+00   1.5301259e+00   9.6411662e-02   4.7651393e-01  -4.2232100e-03  -1.1271558e+00
   2.0000000e+00  -6.3975712e-01   1.9853982e-01   3.4046643e-01   1.7262950e+00   5.9363975e-01   1.3648633e-01  -3.3201136e-01   3.1449668e-01  -5.2312167e-01   3.4000644e-01
   2.0000000e+00   2.2271605e-01  -3.0457051e-01  -1.7592399e+00  -4.7662949e-01  -7.5125557e-01  -1.5700636e+00  -7.1221963e-01   1.5444339e+00  -1.0987473e-01   8.7901428e-02
   2.0000000e+00  -9.8516575e-01   1.5229796e+00  -6.7015835e-01  -3.1589961e+00  -1.7635466e+00   1.2644390e+00  -1.2346654e+00   4.9795750e-01  -1.0858224e-01  -2.8876011e-01
   2.0000000e+00   3.7373003e-01  -4.3681645e-01   5.8884601e-01   1.1020449e+00   7.9826830e-01   1.4925369e-01   1.5864784e-01   8.2638799e-02  -1.1221006e-01   3.0633151e-01
   1.0000000e+00  -7.8100679e-01   1.5347345e-01   1.0523713e+00  -1.9876046e-01  -8.1304101e-01   1.5566692e+00  -1.1484820e+00  -8.9413096e-02   1.6307520e-01   4.5762119e-01
   2.0000000e+00  -3.2873860e-02   4.8710223e-01   2.1497899e+00  -2.5933295e-01  -1.8919025e-01   1.4576285e+00   1.0490672e+00  -1.9609344e+00   1.5505164e+00  -3.6339012e-01
   2.0000000e+00   5.0693436e-01   6.4754272e-01   1.0669433e-01  -8.1482700e-01  -2.2973568e+00   9.9261527e-02  -2.4724186e-01  -1.2763537e-01  -1.3312205e+00  -6.2995279e-01
   2.0000000e+00   4.8507375e-01  -2.4784141e+00   1.0741676e+00  -1.4261628e+00  -1.5450560e+00  -2.7416652e-02   7.0901984e-01  -8.5180992e-01   5.5384807e-01  -8.9979509e-01
   1.0000000e+00   5.4244064e-01   1.1006906e+00  -2.9108081e+00   1.3938838e+00  -4.7253833e-01  -9.3559861e-02   5.0423651e-01  -2.4889556e-03   4.4823240e-01  -7.7140307e-01
   2.0000000e+00   1.2317796e+00  -9.1797186e-01   1.1759945e-02   3.0877842e+00   1.3106173e+00  -2.2888751e+00  -1.6061529e+00   1.0406134e+00   1.0959871e+00   1.0786462e+00
   2.0000000e+00   1.1368204e+00  -1.3205880e-01   2.0670805e+00   3.3719315e-01  -3.7910448e-01  -1.7594108e-01  -1.6361951e+00   3.9574581e-02  -9.4713717e-01  -4.5758475e-01
   2.0000000e+00   2.1652478e-01  -5.8914842e-01   7.1118473e-01   1.2863866e-02   1.5426429e-01   9.4375871e-01  -1.2373080e+00  -6.3700879e-01  -3.0039371e-01   1.7172502e+00
   1.0000000e+00   2.7868255e-01   1.6385485e+00   9.6666872e-01   7.6785701e-02  -1.7033722e+00   6.1817197e-01  -1.0982851e-01  -1.0967392e+00   5.3327075e-01   4.5545040e-01
   2.0000000e+00   2.4034479e+00  -6.4191569e-01   1.2496060e+00  -6.1690749e-02  -1.0905887e+00  -5.3237833e-01   1.6144455e+00   6.5011707e-01   1.2593220e+00  -3.1970842e-01
   2.0000000e+00   7.9495973e-01  -6.3732616e-01   6.4534322e-01  -1.1099867e+00   4.0765740e-02   8.7207327e-02  -4.8652160e-01  -3.1269345e-01  -5.5978551e-01  -2.4407410e-02
   2.0000000e+00   4.8945670e-01  -2.3922732e-01  -3.9067884e-01   1.5585744e+00  -3.5370495e-01   6.7329851e-01   2.4635380e-01  -7.0056679e-01  -4.1867965e-01   1.2074208e+00
